3.14567211735
10.5520451098
2.85703110068
2.85703110068
10.5520451098
-0.044620839057
-3.15190891047
-1.25114473108
-4.07342438688
-0.288417364437
1.70611347285
0.174898212238
-2.38851769361
4.47426155451
4.47426155451
-0.762702240311
0.111465276354
-0.044620839057
-4.44703607234
-1.22293334963
1.33987380278
-8.52281411568
5.52883744697
5.97513202355
2.85703110068
-6.97615762022
-6.97615762022
0.887233786821
-6.97615762022
-4.8688580081
-0.362958253332
-5.17828379298
3.83583846841
2.85703110068
0.057277094162
1.15987422943
-1.01910374751
-0.386997071684
0.400903531678
0
-0.300330707964
-2.88300623966
3.71505310213
0.960738551214
4.6278124208
9.87913578793
0.826554678103
1.03929357183
3.41092283592
-6.30856523487
5.82805088845
2.40756044029
2.46597387796
-9.90415340911
4.01144730637
1.61345096347
7.34307560485
0.331051932333
0.283067564235
-0.971416697001
-4.15310505239
-3.18549047988
3.42637018197
3.60228485909
5.84004575988
2.25835289176
-2.10858086346
2.85703110068
0.950538310319
-0.479468259295
0.722293557158
0.331051932333
-0.090665603114
-4.15236018738
2.85703110068
-0.044620839057
-2.2179654933
2.9393605944
-6.26153778125
-6.26153778125
2.85703110068
2.85703110068
13.02936877
12.4150146325
-2.88300623966
0.128218375633
-2.32608237058
-2.32608237058
-4.40925131949
-15.6138772136
-15.6138772136
9.87913578793
2.36990264057
2.702543065
0.894281993826
0.676313908983
2.85703110068
5.84179401898
-0.386997071684
-1.98063537105
8.71291954143
1.94652719859
-9.90415340911
-2.50663314452
2.69444021005
-0.386997071684
1.82057381149
1.79825742789
-2.88300623966
2.85703110068
-0.223180451092
9.87913578793
-9.88856698046
9.87913578793
-6.07111108153
0.088487845187
2.85703110068
3.94910422794
1.26852265117
-3.97588666366
1.5903736667
2.85703110068
-0.25635198067
-3.21985077701
0.694982000047
0.791844392043
7.16806673418
0.273272430904
-6.26153778125
-1.65219793461
86.150872407
2.92803074248
6.1062161037
2.92803074248
4.10001191215
2.74471258685
-0.683508241554
0.331051932333
3.86022952876
2.85703110068
-2.76369554219
2.85703110068
0.956163110202
1.52472473875
0.287156577587
2.85703110068
-3.5192062604
-0.202513565422
18.7453499713
0.015517083383
-2.50221276335
4.28488390606
-3.40759914895
0.009682047631
1.21801240077
-1.93680158871
-2.87220075704
6.18090942927
-0.35175161787
2.62770049175
1.05663691166
3.3533709551
6.65485083615
1.98338647901
-1.52024160859
2.85703110068
-2.17480052415
13.02936877
2.49225905561
6.4452882483
-0.128457226654
-1.19914407465
3.70863995934
-1.0674540392
8.56985987761
-7.26983530977
-7.26983530977
8.56985987761
4.08712416
3.63852467306
-0.32138234272
0.304450984623
-11.0276605887
-0.32507086108
0.119962265114
2.85703110068
0.102121169608
2.21619192261
1.88309614927
-8.34053926829
-6.73010815184
1.48412508413
3.21199472096
-6.30856523487
3.75106117058
-1.25685548423
6.74131516037
-2.96616466472
-0.31120765033
3.83496772934
2.85703110068
2.85703110068
6.85247661522
2.85703110068
-0.367873331804
0
2.49225905561
-5.17368826974
2.49199972236
2.85703110068
-1.93680158871
-1.88997422679
10.2120729003
4.53369933433
0.642124557153
2.85703110068
1.30789592547
2.85703110068
-1.93680158871
2.85703110068
2.85703110068
4.84786890934
0.015517083383
3.71162603972
20.0017401889
2.48158398002
2.85703110068
-1.17537804468
1.49227848513
2.85703110068
2.49225905561
0.33571417908
-5.17368826974
0.645039197347
0.015517083383
2.85703110068
2.85703110068
2.85703110068
2.01917056051
1.21801240077
-1.09099253457
2.49225905561
-4.52807916647
-1.0674540392
0.015517083383
2.49225905561
0
2.85703110068
-1.0674540392
1.21801240077
1.21801240077
-1.93680158871
0.331051932333
-0.76717592938
2.62770049175
-1.7536972731
-1.67560333975
-1.67560333975
0.015517083383
-3.57524722039
-0.376719577149
0.498306735225
-9.81873180936
0.015517083383
1.21801240077
2.63353574416
2.85703110068
2.49225905561
-0.386997071684
-1.0674540392
-3.14019034098
3.97974126843
-2.44075613964
2.85703110068
0.015517083383
2.85703110068
-8.65021842117
2.85703110068
-1.79938448539
2.85703110068
0.015517083383
0.561546966436
-1.60557786349
1.21801240077
3.22917010788
1.99127719838
3.65473907252
8.35500858805
-1.0674540392
-0.199889442383
2.85703110068
0
-0.199889442383
-0.235775709201
-1.0674540392
-1.0674540392
2.85703110068
1.63215219189
1.63215219189
-5.17368826974
1.6188583041
0
0.44334886157
2.49225905561
-4.65517054258
2.85703110068
2.85703110068
1.84967952374
-4.45888571112
-6.31141261016
-1.64179598764
2.85703110068
3.42501342915
-5.75321927786
2.85703110068
-1.02347623765
-3.02045548762
-1.25932173437
4.75397368089
2.85703110068
-0.301810634995
2.85703110068
2.85703110068
-6.78105657788
2.49225905561
2.85703110068
-1.0674540392
2.85703110068
2.85703110068
-4.65680907122
-11.1158051224
2.44294628095
-6.0859218651
0
-4.89858022688
-12.3055259907
0.611741259494
1.95082831989
1.64763726783
-2.68984362836
-12.2903763868
-13.8807500535
-11.8064755111
2.85703110068
-5.03404008042
-13.6159073155
-0.529000123283
-12.7162040375
-12.7061787891
-12.7162040375
0.026148693086
1.66338281728
2.85703110068
1.94224111228
6.84818707905
-0.291350646295
-0.48424600835
-0.288718710743
-0.230823923879
-12.9810467754
-2.78922369746
-1.88952041944
1.25701370297
-1.27711904891
-2.00214260486
-2.00214260486
-2.00214260486
-2.00214260486
-2.00214260486
-13.8807500535
-5.05636479308
-0.388730452728
-1.98338843606
-1.98338843606
-0.648926963111
-6.73315515881
-1.21522148026
-5.59908076004
-5.59908076004
9.4170410665
2.85703110068
1.02349448312
-3.09360137319
1.33675542084
8.89748973652
8.89748973652
37.2495952036
2.85703110068
10.3070921766
10.3070921766
-12.7061787891
-12.0918432352
43.2953280773
0.110998968436
36.2959918746
-1.26315951658
-1.81200488971
-2.95996591808
2.85703110068
0.57524209806
-4.17863331979
41.0650641288
44.7368080049
3.84161151879
38.2604646752
-2.00214260486
2.96286253157
41.664619486
-3.46926224724
41.0650641288
38.2604646752
-0.494669314036
0.435754658049
0.516850778652
44.8885327428
0.435754658049
0.435754658049
10.2871177806
38.2604646752
42.3230996345
38.2604646752
0.435754658049
-1.5005399238
38.2604646752
0.435754658049
44.4185574395
38.2604646752
40.1507158389
38.2604646752
41.9825852434
0.956622989333
40.550906973
-0.324534174969
-5.10221372752
2.45461983934
37.6582586475
0.956622989333
-3.94619262951
38.2604646752
38.2604646752
0.435754658049
0.435754658049
-0.442875621276
38.2604646752
39.1150208915
5.29580580713
0.435754658049
41.664619486
36.2959918746
41.3934586971
38.2604646752
0.435754658049
41.0666228725
0.435754658049
44.5940321328
38.2604646752
39.1601679532
0.435754658049
38.2604646752
0.435754658049
38.2604646752
-2.55908551662
0.435754658049
0.435754658049
0.19060402105
38.2604646752
38.2604646752
-2.93641183974
4.69923369319
4.69923369319
-0.324534174969
0.435754658049
38.2604646752
42.0764000215
0.435754658049
36.2959918746
2.85703110068
1.17105293226
0.0473551163116
38.2604646752
0.435754658049
0.435754658049
4.07688096577
0.600359845559
0.843182895993
0.823082920237
0.435754658049
-0.442875621276
38.2604646752
-0.324534174969
0.435754658049
0.435754658049
0.435754658049
41.0666228725
38.2604646752
-0.463948619967
2.45461983934
38.2604646752
2.3717580181
2.3717580181
0.435754658049
2.45461983934
0.435754658049
2.62543148638
1.45823979396
-1.39613794097
3.47207904895
8.43942443042
40.7004595108
41.0650641288
0.435754658049
38.2604646752
-1.05937084008
-1.05937084008
0.435754658049
-2.64047088157
0.435754658049
2.50673076558
-1.09117849112
0.435754658049
2.45461983934
0.435754658049
0.435754658049
0.40503396398
2.45461983934
-1.02388039962
-0.442875621276
-0.494669314036
0.435754658049
0.435754658049
0.435754658049
38.2604646752
2.45461983934
0.435754658049
3.70687920473
0.435754658049
-0.324534174969
1.50847188075
0.435754658049
3.29633619358
2.43879262855
2.43879262855
38.2604646752
39.6512036949
0.435754658049
1.50847188075
36.9268461942
45.1266039733
41.664619486
-2.33506997224
0.40503396398
2.32404191425
1.16231699683
0.435754658049
-0.324534174969
0.874992238424
-0.442875621276
1.26775919816
-0.213405271098
2.16746247618
47.9230920823
-0.0545893274644
-0.494669314036
-0.494669314036
-0.442875621276
40.4414128119
35.4604941084
40.4823030207
38.2604646752
-6.11551581349
0.19060402105
-1.61006878599
0.198537223165
0.435754658049
0.435754658049
-0.324534174969
0.19060402105
-0.324534174969
51.4546651238
42.9813208375
1.69047465592
0.40503396398
40.2118257038
0.874992238424
5.43153099587
1.26219163698
-12.7061787891
-0.442875621276
0.874992238424
-2.4962525463
0.874992238424
-1.33176752476
51.2253323701
0.435754658049
-0.324534174969
-0.324534174969
41.0650641288
-2.50366809063
0.002722527385
-0.54348473118
-5.90539748609
-12.7061787891
-5.90539748609
-3.19848163125
0.956622989333
0.502093223501
-1.82507555384
0.435754658049
38.2604646752
0.874992238424
37.1414966059
0.435754658049
2.45461983934
-0.442875621276
0.435754658049
38.2604646752
36.8411831805
-0.324534174969
2.45461983934
0.947887053897
3.3985517439
25.2721938587
0.874992238424
-0.570134828601
2.45461983934
-0.442875621276
0.435754658049
-0.494669314036
2.85107348538
1.69047465592
11.1712923822
11.1712923822
0.19060402105
0.19060402105
38.2604646752
-0.442875621276
-9.18060665343
18.2564772382
-3.26050726946
-0.91656568098
-3.56443563995
38.2604646752
38.2604646752
2.57507056034
-0.324534174969
-0.494669314036
44.4870311827
0.752813042943
44.4870311827
2.45461983934
0.19060402105
-1.84577255768
-0.118511708014
1.17105293226
0.538455626461
0.435754658049
0.435754658049
-0.324534174969
-11.8064755111
1.69047465592
0.40503396398
2.45461983934
2.11017117949
2.85107348538
44.8822956037
0.874992238424
38.2604646752
0.40503396398
38.2604646752
2.85107348538
0.19060402105
0.40503396398
-0.163247704648
38.2604646752
41.664619486
-0.442875621276
0.19060402105
-0.324534174969
1.17105293226
4.79805135354
-0.88001131199
44.0476411161
38.2604646752
39.3584756891
-1.21925534438
0.19060402105
-0.324534174969
0.19060402105
0.19060402105
-0.442875621276
-0.494669314036
-3.26050726946
1.69047465592
13.665945138
0.40503396398
2.45461983934
-6.12275374134
0.435754658049
-11.8064755111
-0.442875621276
38.2604646752
41.9833752614
0.19060402105
1.42482585905
39.5777499789
0.19060402105
41.6122267701
-0.442875621276
-0.442875621276
0.19060402105
0.19060402105
38.2604646752
0.19060402105
1.43292320698
-1.22148836465
46.1468579027
-3.26050726946
4.94035998073
-0.442875621276
-12.7061787891
0.19060402105
0.435754658049
-21.6225234634
2.16746247618
0.203388462326
0.435754658049
1.94605055365
32.0346556224
0.298776326397
-1.82507555384
-0.324534174969
1.98489490884
0.40503396398
40.6335168689
0.435754658049
-0.324534174969
-0.91656568098
-0.324534174969
-0.324534174969
-0.324534174969
0.435754658049
2.82786270354
-0.324534174969
-0.998971256136
41.0650641288
-1.82507555384
7.13599028017
-0.698287882431
0.435754658049
2.85703110068
0.19060402105
-0.324534174969
-0.442875621276
-0.442875621276
0.19060402105
36.4610622115
-0.324534174969
0.19060402105
0.925598274652
2.45461983934
0.19060402105
-0.494669314036
2.63664354245
-0.236401895285
0.435754658049
-0.442875621276
2.45461983934
-9.4995731164
-1.82507555384
-0.494669314036
-1.14827696715
40.6335168689
38.2604646752
-0.494669314036
-1.22148836465
37.541128092
0.962687738358
-0.442875621276
0.19060402105
2.85703110068
0.19060402105
-0.324534174969
-0.324534174969
1.43292320698
0.19060402105
-0.494669314036
0.19060402105
-0.442875621276
0.19060402105
-0.442875621276
-0.442875621276
0.503013639884
0.503013639884
0.435754658049
-5.49442367148
36.0741755019
2.45461983934
2.25895594237
0.19060402105
0.82289774134
18.2089780823
2.45461983934
-0.442875621276
1.4027169179
-1.69147452795
0.19060402105
1.69047465592
1.86345441095
-2.81165506665
-1.70112685712
-2.82130739582
4.35216340968
-0.442875621276
7.95420303123
-2.81165506665
-0.442875621276
3.92649225979
-2.81165506665
-2.81165506665
-2.81165506665
-5.30987807189
2.7205847776
-0.593542322499
2.7205847776
-2.81165506665
-2.81165506665
-2.82130739582
0.19060402105
-1.56184429363
-1.56184429363
-2.81165506665
38.2604646752
0.19060402105
-0.442875621276
-3.09349746418
1.4027169179
-2.81165506665
-0.494669314036
-0.324534174969
3.17603608543
4.26283698523
-5.30987807189
-2.81165506665
-5.25039864856
-0.442875621276
0.19060402105
-0.324534174969
-5.51653653458
8.34651506256
0.19060402105
-0.442875621276
-65.8541969998
3.92649225979
-2.82130739582
-0.324534174969
-5.30987807189
-0.324534174969
0.40503396398
-5.01829332823
3.92649225979
-0.442875621276
39.6512036949
-2.81165506665
2.85703110068
0.19060402105
-5.30987807189
-2.81165506665
-3.1032661201
-12.2649180127
-2.81165506665
0.19060402105
-2.81165506665
-0.18395839237
-5.30987807189
-5.30987807189
-0.324534174969
1.4027169179
-0.324534174969
-2.81165506665
0.19060402105
-12.7061787891
-0.442875621276
2.47969583883
-2.81165506665
-5.30987807189
-5.30987807189
-2.81165506665
0.19060402105
-3.64676137385
2.63664354245
-5.30987807189
-2.81165506665
-7.86675706727
-0.324534174969
-0.494669314036
-3.62368970055
0.664809233731
6.59002324085
0.299419758092
0.303774377722
0.47857612554
0.47857612554
0.569450870685
2.50963824545
2.50963824545
1.37827940356
2.45461983934
4.45736851969
-3.73481542728
1.37827940356
1.37827940356
1.37827940356
0.170189916251
2.33725391709
1.52637257754
-0.494669314036
5.24092697482
2.85703110068
1.37827940356
-2.8459235238
1.37827940356
1.37827940356
2.17260571887
2.17260571887
-0.583507270011
0.40503396398
2.48158398002
1.24198383479
2.48158398002
2.85703110068
-2.99109026694
1.37827940356
1.37827940356
1.37827940356
-0.442875621276
2.85703110068
0.23109830876
2.85703110068
-0.186891018158
-0.186891018158
1.98296596887
-5.30987807189
2.85703110068
0.375447120658
1.4027169179
-0.324534174969
40.9222758836
1.4027169179
40.0365545714
2.85703110068
38.2604646752
2.85703110068
36.2959918746
44.9277837701
0
36.2959918746
-0.496434662954
2.85703110068
-0.689789974291
2.85703110068
1.37827940356
0.19060402105
1.37827940356
1.37827940356
1.4027169179
-0.744054144269
4.78546445694
1.37827940356
41.0650641288
45.5625418584
45.5625418584
1.37827940356
1.37827940356
-3.62368970055
3.35729375432
1.37827940356
1.37827940356
-4.43196077501
2.45461983934
-0.324534174969
1.37827940356
2.85703110068
2.85703110068
0
-1.22554031243
38.2604646752
0.19060402105
0.936191608056
45.5625418584
44.6628385804
0.201742237748
2.76901842333
-3.76346084479
1.37827940356
-5.25039864856
-1.11398281376
2.45461983934
2.85703110068
2.85703110068
45.5625418584
1.37827940356
2.45461983934
-2.05750811572
-5.25039864856
0.19060402105
2.17376136266
-5.8560457041
-0.442875621276
-5.25039864856
-0.0626314173214
-0.442875621276
0.569025292553
1.37827940356
37.2495952036
-4.32965028024
2.85703110068
0.114778153102
-1.06118909232
-1.06118909232
38.3161162061
-0.324534174969
43.1374455729
-5.25039864856
1.37827940356
40.0365545714
38.2604646752
1.37827940356
41.664619486
1.37827940356
-2.95816918117
-0.223439476149
-0.223439476149
42.496321247
-0.442875621276
2.85703110068
2.85703110068
0.47857612554
2.85703110068
38.2604646752
40.0038347823
1.37827940356
0.038417954992
0.038417954992
38.2604646752
-5.25039864856
-0.853828299472
41.8758792126
0.19060402105
1.89510629338
1.49178413275
1.49178413275
44.6628385804
36.2959918746
-3.965275754
-3.965275754
-0.442875621276
-0.442875621276
1.37827940356
39.5515151071
103.552588571
1.37827940356
-5.16908492025
-5.16908492025
1.37827940356
5.90353909904
40.9222758836
38.2604646752
40.0365545714
36.824049762
1.37827940356
3.88618424745
5.90353909904
4.73177830449
8.63482782841
4.92026985375
8.07504120831
4.25193809039
5.90353909904
5.90353909904
7.2272815082
5.90353909904
5.90353909904
5.90353909904
0
-3.20232843662
4.30315993655
40.9222758836
1.19657912181
-2.81165506665
0.024049036765
4.12932824359
47.4693953081
5.90353909904
5.90353909904
0.062326767933
1.37827940356
5.65157348702
5.90353909904
2.22214005904
5.90353909904
0
1.37827940356
4.83148725747
5.90353909904
2.85703110068
2.85703110068
3.29262531631
0.0754860655356
4.45188599556
5.90353909904
5.90353909904
38.2604646752
-2.82130739582
5.90353909904
5.90353909904
1.36405038895
5.90353909904
6.1977805066
-0.452164778912
-1.34257889929
2.45461983934
1.37827940356
1.37827940356
5.90353909904
-1.79329478193
0.290207081741
0.290207081741
2.31447101161
-0.698287882431
1.37827940356
1.37827940356
-3.70235147306
38.2604646752
1.0087625509
1.37827940356
0.19060402105
5.90353909904
0.40503396398
1.37827940356
-2.80264819505
40.9222758836
1.37827940356
1.37827940356
1.37827940356
0.874992238424
5.90353909904
5.90353909904
9.03800122181
5.14920857036
1.37827940356
38.2604646752
-5.25039864856
1.37827940356
31.7460895561
1.37827940356
-0.442875621276
0.788892200089
-3.56285974469
0.0587546093914
1.37827940356
5.90353909904
17.1859557736
5.90353909904
2.45461983934
2.85703110068
2.85703110068
-0.442875621276
-8.38408202947
-0.515138196019
-0.515138196019
1.42403809079
62.0199103731
2.45461983934
-0.324534174969
1.4027169179
1.4027169179
-0.556852424884
-4.73745306647
-4.73745306647
5.90353909904
38.2604646752
4.05760088075
38.2604646752
-5.50942175123
1.69047465592
1.94773027424
68.2728409245
17.1859557736
1.69047465592
5.90353909904
-0.442875621276
1.37827940356
2.45461983934
5.90353909904
-1.57925001795
5.90353909904
2.75309563355
5.90353909904
38.2604646752
5.90353909904
-1.82507555384
61.4313872262
5.90353909904
0.435754658049
5.90353909904
0.12851597786
2.85703110068
33.6341806662
33.6341806662
33.6341806662
1.69047465592
-1.34257889929
1.37827940356
-1.42858177593
5.90353909904
58.3364234804
5.90353909904
5.90353909904
2.85703110068
-0.442875621276
5.90353909904
0.26325473764
0.435754658049
5.90353909904
1.54768805134
5.90353909904
5.90353909904
2.85703110068
36.2959918746
38.9761572045
-2.81165506665
-1.21422081657
-1.21422081657
5.90353909904
-0.600824213859
40.3928580903
2.85703110068
38.2604646752
61.4313872262
-2.8459235238
-0.600824213859
5.90353909904
-0.600824213859
1.37827940356
9.3371616467
2.85703110068
-0.324534174969
-0.641093400896
2.48158398002
-2.81165506665
2.57662617828
5.90353909904
-3.24588254994
-3.24588254994
-0.228445678346
-0.800604339504
-1.65550888323
-0.279155049359
-0.279155049359
0.19060402105
-1.5955727429
3.38128725804
-2.81165506665
-2.34617927192
-2.34617927192
-2.34617927192
0.982149178876
2.85703110068
-2.82130739582
1.37827940356
1.37827940356
0.162280912963
2.85703110068
-3.5693043378
-17.7477721233
-2.4865432107
5.90353909904
38.2604646752
1.37827940356
-11.0547344177
5.90353909904
-0.784633741212
38.2604646752
-0.324534174969
2.63664354245
5.90353909904
-1.79513298423
-0.324534174969
5.90353909904
0.486389472051
5.90353909904
3.28882938255
7.17889929325
-0.437202633092
66.6461943821
-1.1242413171
5.56533201125
-1.1242413171
-1.07068227542
0.569450870685
-1.1242413171
-3.47255657739
1.37827940356
5.90353909904
-2.89358190722
-1.1242413171
1.37827940356
-1.1242413171
-2.34617927192
-2.34617927192
-2.34617927192
5.90529771648
1.52235078922
-2.34617927192
-1.47188367606
-2.34617927192
1.14352435268
1.02512480306
3.88430089792
-2.34617927192
-2.34617927192
-2.34617927192
-2.34617927192
-2.34617927192
-2.34617927192
-2.34617927192
-0.1180006135
-2.34617927192
-2.34617927192
-2.34617927192
-2.34617927192
0.89922464459
-0.30474061782
-2.34617927192
-2.03489337368
-2.34617927192
0.89922464459
0.15862099716
0.89922464459
-2.34617927192
-2.34617927192
-2.34617927192
-2.34617927192
-2.34617927192
-2.34617927192
0.43717630446
-2.34617927192
-2.34617927192
0.445032818533
1.59741592344
-2.34617927192
-3.1435667685
-3.84244742621
-2.34617927192
-2.34617927192
-1.3555715505
-0.437202633092
-0.545162308157
-2.23966738692
61.4313872262
-0.437202633092
1.69047465592
-2.28048708957
0.0742975320996
5.0171221145
1.02340241527
-2.34617927192
4.10001191215
1.05680832506
-2.34617927192
0.162945897116
-0.694718055443
-0.324534174969
-4112435.06408
-0.324534174969
-1.3514230918
-0.459555711257
2.45461983934
2.85703110068
-0.12585102525
5.90353909904
-1.1242413171
-2.34617927192
8.55277626878
8.55277626878
5.90353909904
40.6502105298
-5.30987807189
1.37827940356
27.1331115559
1.4027169179
2.45461983934
-2.71214520375
40.9222758836
1.37827940356
-3.90419927567
-0.442875621276
-0.442875621276
2.85703110068
0.61953634073
1.80020280734
2.85703110068
-1.1242413171
3.23252711386
2.85703110068
2.67420467978
-0.551964001185
-0.551964001185
1.0916147979
41.6487524237
6.76331099629
-5.54662811985
5.26340885172
-1.07068227542
1.37827940356
1.98296596887
-0.442875621276
-0.324534174969
-0.442875621276
-5.30987807189
2.45461983934
-0.324534174969
-0.324534174969
2.91949420495
1.40474404132
1.37827940356
2.85703110068
0
41.664619486
0.127923890586
-4.94835321155
7.61295246694
7.46625658437
-1.10243932684
1.69047465592
2.85703110068
0.435754658049
1.69047465592
-2.81165506665
1.37827940356
1.55138156995
-37.7449292502
-1.46320202931
5.90353909904
2.85703110068
-0.56349875129
39.1601679532
2.29601480366
-2.44293514287
-2.44293514287
-7.45008414305
-1.54323186486
-7.45008414305
-7.45008414305
-2.76379543803
-7.45008414305
-0.442875621276
0.434657507055
3.43382347002
0.365648270813
1.33436078507
-5.60779325821
-7.45008414305
0.19060402105
2.40672331707
1.67100402444
-1.54323186486
41.0650641288
1.33436078507
17.2132081919
-0.905708036038
-1.65259915173
2.85703110068
-1.54323186486
41.3089657072
105.805262765
-0.442875621276
2.33249409854
1.92065555902
2.85703110068
33.6341806662
-2.8459235238
0.669736038091
-8.90971920072
-1.98463013521
4.02656856397
-4.28589742018
-2.76379543803
-0.494669314036
1.33436078507
5.90353909904
1.4027169179
2.56931902086
1.33436078507
0.19060402105
2.04143718791
3.16691235244
5.90353909904
3.16691235244
3.23772268265
1.33436078507
-0.442875621276
2.85703110068
0.009737172082
-0.442875621276
0
-0.927489142614
2.85703110068
2.85703110068
1.19293431949
2.85703110068
4.05300228099
-2.67849900172
-0.324534174969
5.43153099587
1.33436078507
2.23349070475
-3.72101067384
-7.45008414305
3.59141047366
0.435754658049
38.2604646752
2.41015378964
0.435754658049
1.82257014077
1.82257014077
66.6461943821
-2.01683501935
-2.01683501935
-0.324534174969
1.37827940356
0.606256870859
-2.68994483229
-1.79024155428
-1.11953357818
-0.494669314036
1.69065171491
1.69787901746
-1.79024155428
1.11212025698
-1.54323186486
0.513341913704
66.6461943821
0.19060402105
62.9735137021
2.05451319641
62.0199103731
-0.324534174969
-1.79024155428
-1.10243932684
-1.10243932684
-1.10243932684
19.4227797931
66.6461943821
-0.795604227198
38.2604646752
0.40503396398
24.9551322149
40.9222758836
-0.324534174969
66.6461943821
66.6461943821
1.47622177198
-0.324534174969
3.08507792939
1.61048739919
-0.494669314036
61.4313872262
37.2495952036
39.2208859814
0.569450870685
39.6512036949
5.90353909904
-1.5837829716
-0.698287882431
-0.698287882431
2.45461983934
0.435754658049
-4.88702959809
38.2604646752
66.6461943821
-0.324534174969
0.19060402105
-0.442875621276
2.45461983934
2.45461983934
2.45461983934
-0.442875621276
-0.324534174969
8.9827629772
2.45461983934
2.45461983934
2.45461983934
41.8758792126
1.64279884927
66.0576712352
-7.29062457368
41.8758792126
-0.533480279688
-0.442875621276
-0.324534174969
-0.324534174969
-0.324534174969
-1.79024155428
1.37827940356
5.36932759699
-0.494669314036
1.33436078507
-0.324534174969
0.19060402105
4.22175033782
-0.324534174969
1.0002653867
2.85703110068
0.40503396398
3.75673437869
-1.50392329891
-1.50392329891
5.90353909904
0.956622989333
62.0199103731
-1.18947867837
-1.18947867837
-2.29669171057
-2.29669171057
-2.72930419611
-7.61698640591
61.5964575632
-4.17674610991
10.4072143108
-1.28005878688
62.0199103731
-0.442875621276
66.6461943821
-0.714721493553
-1.7529250013
62.0199103731
-1.36174980659
-0.63381805054
-2.59716903806
-3.60238183527
-3.11180425695
-5.8390167824
-1.69746576004
-3.67705388411
-1.69746576004
-2.59716903806
-2.70267855725
-3.09299262668
4.33232543986
0.19060402105
16.1309653717
16.4790598605
14.4010840446
10.1175805877
19.465237488
18.6624974558
35.2548947111
26.7534201627
18.8492274514
16.6166848734
28.8978263506
5.10791222797
20.6179537274
-0.0547903847618
5.99220514335
13.6351816677
29.6332130405
8.82212912842
35.0908860007
11.3200796651
6.36825420662
25.0827313373
4.99581546755
12.1981114141
5.70689895413
4.8367422115
26.2829357759
6.68752106225
10.581915592
19.3457748745
3.55908303774
5.6296735854
3.79291079671
7.54182278886
11.1778837802
15.130398963
8.17186853826
50.7019490218
18.2170559722
11.7247014991
41.7058802365
9.22481977468
15.5120747856
19.8097084658
8.70743489174
16.9801985012
25.069979569
5.50242058595
9.61047691766
18.1547682496
16.5521184374
5.86680910976
10.9223484317
5.19857327542
16.3320953785
7.09148876835
7.10934973924
10.688649488
4.5788723616
36.0880118385
7.10934973924
10.688649488
12.3564823152
-4.87968601709
6.59810548773
16.6166848734
-2.02215828695
-0.526953636285
49.7961352969
18.5158898389
4.41425693767
7.10934973924
9.69829223863
-4.56219007335
6.88271125928
20.6510873511
6.74780737995
16.8318025162
35.2370309493
14.120587198
2.35128974645
21.0117993503
30.0990065126
1.59989335561
0.571134092712
14.6778620213
12.8626875533
14.5817325998
24.7597687832
34.0222405499
6.74911485329
4.64454969077
12.876622728
10.5097338997
5.65775267774
5.72459218713
1.42893637667
16.9048993429
14.3411352589
5.3798979044
8.43127694441
13.0638724313
10.5538519058
8.7113660605
24.1359298865
-8.16526401231
19.4218263553
33.5783826913
3.91111412402
0.742053414842
21.9079526056
21.266638188
13.3976628954
8.07879846277
6.1926424626
9.78274178789
10.051726747
15.2044344885
43.0861991322
29.4512565565
14.0524325454
54.7353367252
10.3944667745
9.52431003186
5.13725112209
-0.526953636285
7.62679966363
13.9661309786
13.068523403
0.668797483798
-1.07490702466
16.3033506916
22.5090145825
21.9086570225
32.2338549
-65.9050784338
3.74107438705
13.7823610241
0.2397684004
4.84359551288
36.6132027374
15.4567524441
2.52972673172
25.9109704322
12.5975552497
-3.10416485088
9.50305897767
8.84426712876
7.53300628337
-5.06569864038
24.3267230617
11.0604843036
7.15973089939
25.3218360529
11.9016845232
-2.80007159337
25.5112965766
6.1926424626
7.96078245429
12.3987754606
15.3814155265
17.451524145
0.470456779823
7.3207943785
7.82426187204
10.2482017784
22.8392491343
23.9448871495
-6.51145913621
11.5423133935
9.27644089916
2.62322311639
12.5570075073
11.3056939327
12.1962675243
6.71604164769
11.4949712341
-0.95028890151
7.53300628337
12.5882260297
11.6397236066
10.0760318388
-3.27979640907
11.2619699817
9.89265376348
27.6016953814
32.229627444
5.11075969561
8.54455485216
24.9601790487
0.049366478073
27.6016953814
32.229627444
-4.27393981031
2.38190074031
12.1873670647
12.962435555
19.4917290613
7.10934973924
10.3936946672
4.32195995314
13.6159408931
36.0491433456
16.4505657122
20.8684819524
23.2339059606
9.80152581457
10.8150770809
6.50753945837
15.6675306364
9.59972544377
13.182720666
5.86312867155
9.96638083992
16.6166848734
15.5582795931
16.3552878112
7.2237450797
8.36842320678
7.75894863417
13.4524721872
-0.760042591811
19.4737159741
12.7296361264
11.9669314625
33.0102023485
24.4431954349
1.78919498989
27.977142502
24.709362408
3.8453306503
13.1391149164
-1.45087414232
5.77519019817
30.7763001424
29.6548547443
14.0349148809
4.92056335757
12.8334115423
4.36764089307
12.9775937695
19.1198659172
12.3886457218
11.0225591533
8.45661834523
21.8734773368
2.44098386449
9.53389438926
14.152363253
6.2059199438
4.45576108889
13.916882111
4.92056335757
37.866415425
-1.0420731145
26.6152649265
12.2197430875
16.8351723315
16.4791908611
10.666280676
5.03072637494
12.5856700843
23.8507190198
16.6166848734
14.9630841591
23.5694400289
6.42336678947
12.9080075927
23.5625849156
17.3827542251
20.7279290023
-4.6891448883
9.74752811042
32.8105226857
16.1885156479
17.6691478016
0.853149094884
-8.2890040473
13.1294221444
6.2579895384
-4.64660555033
13.6993100881
9.79973057012
3.97907795398
25.270848574
8.48905061206
10.770211819
11.2065340265
6.71604164769
2.30910436847
-15.5433224105
11.1292279945
67.7632590585
25.1405885128
2.12718993331
1.86594008355
11.528909799
15.4927645257
21.2549636831
24.2325610773
9.2302995284
34.6983118739
21.4200340201
20.8999211658
19.2002478694
10.0534676787
20.1921381573
-0.930374253788
-9.31717350688
8.13621280744
29.0215106972
32.5040552816
30.5351423317
25.1093118286
14.6146349636
16.6061209035
25.4024400342
2.30290740915
-6.54593897493
15.9013101185
11.696484194
26.1404144457
5.29388623099
3.95824083946
19.9998848986
27.9192690417
14.4057953917
8.67914905254
18.0890836554
27.9192690417
14.4057953917
32.0099911092
13.6415020201
6.85903605758
26.3485792571
24.6082657718
-0.671954815568
20.8197403807
16.3311233732
14.9610827111
10.5927159236
6.37537633336
11.9512443845
23.178885329
27.237981546
22.2759815582
6.42336678947
28.1164453157
35.0998170413
17.9654348198
7.79200435226
6.91294251148
14.0358844055
28.082746394
24.603843991
6.42336678947
11.3502874968
8.18597882685
16.6734478415
-2.41817440973
4.58420293746
6.52629101843
3.13584877493
7.40969935219
9.72733514152
10.666280676
26.448511875
6.42336678947
18.2513031844
18.8290214165
13.3654018382
7.03590623051
4.96898832072
7.98778167433
10.1026110794
18.557784825
7.54919586141
34.6215579806
1.60517583478
13.8306672682
7.3637403109
3.25169166029
7.10934973924
10.688649488
12.0874883056
16.7326665492
3.56009230183
5.13835765035
8.88995085142
21.8892129101
-0.837403560786
14.4266727733
21.0236873365
11.0361422681
27.2872824604
11.1147423116
2.445326083
6.19362261332
18.6307524646
15.5880012513
4.44337186799
-0.484423061282
1.86884356268
4.30597838962
-4.78408467788
7.33521709654
23.2275272613
14.680021118
13.7026639295
16.2589791843
17.5309495387
29.042283236
3.78664038446
0.876366361944
11.0866534823
13.0911743351
6.89967639382
-4.62288209033
8.23701850347
32.1093044658
11.8636806585
4.50565130704
9.66693692145
8.78870674544
4.44591387335
14.228383804
7.10934973924
6.94810021653
12.5232764983
13.5385388806
5.8522781908
-0.312145806238
34.7305142452
3.05004235617
20.7168644847
22.9218520052
7.91134165098
-0.71351983807
66.5168996361
33.4596642666
24.892657353
12.1731800258
20.5660194351
33.4601176958
3.49797038662
24.1918252943
6.28878311572
3.62400238254
15.9533750295
9.97484270656
8.00768281777
9.37513444886
20.9174477213
12.0242124235
6.52801361569
10.666280676
