10.5380611199
57.2230937488
8.47098351494
28.1164453157
8.53239201394
15.253981763
14.5400770839
12.3732272023
2.40217177694
3.32040068426
0.548061302677
21.2064902612
2.14351126261
7.3637403109
3.25169166029
31.4137079774
0.803690665996
15.3791076434
11.6866347555
16.4307030234
5.25920287762
10.2207714116
11.0940496041
15.9688795697
1.48717350682
2.40217177694
0.312827798184
1.30615560005
-8.36434173507
8.21186135217
15.5737914032
-2.84490017049
18.0948875935
6.16836169549
3.13584877493
4.90006110674
3.85012519848
9.43340003574
7.6079423423
16.3314790914
11.159231332
9.67484326821
17.1842130987
7.92777556986
12.8989901401
5.54675964004
5.20182803094
26.4252156005
2.40217177694
1.53201503432
6.90136930725
3.71526349996
1.00831239253
9.16801685602
11.9320330628
7.21185430399
2.40217177694
17.5051616037
3.71526349996
4.1617739826
29.0580425432
12.7371631483
3.71526349996
9.15449645841
3.4752199647
0.524224442928
8.79154138148
24.2931051182
8.95150471153
4.8351279973
61.1502154454
4.97272644585
-7.31501835519
8.91948894967
49.0910505769
11.77458362
22.8570555899
8.06362839559
7.08087763427
15.3696097355
8.19734362612
55.7386026347
5.82949354626
23.3850139534
11.2753217654
13.0627634108
0.524224442928
10.5995885264
-0.812558918172
15.4533588707
5.72340682973
5.99287987561
5.56439314388
8.69227817344
11.8085358122
-9.73332624936
11.4826684391
18.8998325524
17.0458783581
16.1500334056
24.2748015936
-104.310808236
9.71590657715
-1.97520942665
7.10934973924
6.94810021653
9.07792086262
4.97272644585
8.08058029243
23.5694400289
13.6386464701
0.524224442928
24.5384211276
3.46443389894
10.7054488895
3.57734064605
0.808487049937
16.40037993
4.20834213615
4.31814130396
9.96638083992
20.1809821644
-2.32247575875
3.57734064605
0.808487049937
7.26055589148
7.98338946295
21.910125633
19.9305944788
20.9771799696
25.1794301649
8.52160728181
23.9790340399
3.40049157284
6.4858235645
9.01513271464
12.7791693637
24.7671567337
23.2385971686
10.0760318388
9.39216981456
10.9822946755
19.1088179512
16.6166848734
14.9630841591
15.2937814398
10.6802551226
10.051726747
15.2044344885
7.41102420896
11.4021194691
13.6351816677
9.99493529737
11.9349519633
5.85553151377
7.03510013283
6.16494339021
3.51342708937
39.9052190845
19.2108979296
12.7957898607
22.8638881485
-6.87629514868
9.22905752421
18.6824729075
23.9309386201
1.27881681296
21.1145411211
20.6067678434
10.1305238404
6.71604164769
1.19792473634
26.5825910328
15.6297667133
20.2912822746
5.4094548657
24.0783406338
0.842381648676
13.6133556794
12.0860886249
7.73780708031
3.34522114022
12.0707494176
22.6359122424
19.2794752623
25.1168413087
23.3765278234
0.897195855271
11.6567044078
21.1295112353
1.86594008355
6.1316553561
16.6691902552
30.3949196355
21.910125633
19.9305944788
7.91752906795
0.613686273799
4.64466005204
10.0688854047
19.1984659288
7.3637403109
3.25169166029
15.7324089439
3.13956528353
8.3494556667
19.3424214258
9.18475725418
2.50155799257
6.94102628495
12.7132696407
8.40246327348
10.2680553096
21.910125633
9.61042608206
11.947099139
23.353462677
8.53750245415
10.0910698227
19.8449676348
11.8257925558
6.85664827001
4.31125854945
5.13360679016
10.215556327
14.2476258967
2.53290169377
8.40246327348
10.4477550024
3.04567721413
13.6420175036
12.771860761
-11.7741808622
9.1479144225
14.9169533176
20.0313683692
12.7530779337
24.9808037014
18.3175357771
15.1208843146
10.0202390852
10.9292320587
3.98847734193
24.892657353
19.9557489617
26.3485792571
24.6082657718
14.728406513
-1.03931661291
-7.65944301143
20.2205258093
9.9927506552
9.5246226526
4.21823329395
2.34860270168
26.6926634186
9.87878785619
1.66759896159
6.39024500831
2.68829559098
9.91530610814
6.59126959225
7.05575677454
1.27881681296
19.7347584108
1.17849954795
13.087486233
3.2187471474
14.3520390578
3.40072104839
-0.353452750553
11.7889463829
-3.36470918651
8.57126186992
8.74734204127
7.45911679011
21.802539545
20.8512235785
64.3022500478
10.9547293917
13.0185738865
1.28333533929
1.27881681296
22.1961273334
8.93745638474
9.15421709703
9.08897634235
20.6674258971
31.2430897086
9.17567148954
13.0185738865
7.74906957978
8.74494361306
18.1497197785
7.87716150989
20.1747221373
19.3935134643
22.2540795669
4.02233734209
27.5264688691
5.66428471232
2.89044213015
1.18214093915
8.12207852402
9.04961429744
8.5242425137
14.8094296552
24.2828367491
21.5461226284
3.76040079298
11.2765420863
24.2552153756
18.2575137568
12.3523595854
20.740253214
17.2049319393
6.01393072275
0.469556128949
12.9207269659
8.63722350909
20.8265715499
12.6161305745
-0.277561263758
39.7985452697
11.4798016247
14.1149500301
8.98551234087
-2.29502886005
8.63722350909
11.8724072997
14.7087755256
28.0152730051
4.78235410449
4.43264427209
19.2836016225
7.10934973924
10.688649488
8.07028846179
8.10678066746
14.0858846981
17.6956394699
11.1963414839
10.666280676
12.6725744473
-1.66489803977
13.5960061449
20.8512235785
12.392955659
17.915424168
10.4473617692
12.6725744473
12.6279345789
8.34443112211
3.49853296962
7.6079423423
3.57051940219
18.6824729075
13.1987054635
1.28289444031
8.01183226971
2.76373231434
9.32825638292
0.049366478073
15.3683181253
8.52698114376
23.7082546792
11.0454094478
4.64243068006
27.6881188268
11.2419533944
20.4121692634
2.71949820555
1.84934146292
8.68441965616
6.52675150577
28.8993259278
12.5856700843
10.0760318388
15.375917359
8.06253676642
28.4396399304
11.4189106949
11.5414507568
9.27730188007
12.8104846006
8.52698114376
11.5431414304
-14.3467270988
8.91269614054
9.62828895685
19.1134511164
11.5853939696
10.9868319782
17.7972370377
27.5029301675
33.3322013846
3.39502969013
20.5118655713
8.196166959
21.3870240719
12.8295300193
23.6422878946
0.725772460648
7.65813406462
11.8794554726
23.6721310724
11.4501823585
11.5608073463
8.28163207688
14.1600150261
8.5097253311
10.9791096247
22.1029509705
20.3626374853
13.1126002605
42.0153881835
11.8510858901
11.6890555973
7.7650606787
10.9680349938
8.5173946136
16.3064863394
7.35008819997
11.1745822316
26.7240263777
10.666280676
5.90710226449
4.60758829671
4.84853984866
10.666280676
17.5183009186
1.90632111815
-0.772938147293
7.10934973924
10.4558246213
6.39075652478
15.1401890866
14.7623845364
8.8145379994
10.642219064
6.40411272686
11.0043369394
3.38125554361
15.9315279386
132.272694813
14.7364865733
36.4906808111
11.5608073463
17.5183009186
16.89085617
-9.29259688221
21.0716097206
11.7697272412
34.4363025636
9.83167217999
13.4492486464
12.142266776
16.0090313225
18.5022276772
3.88447124233
6.30192278456
8.64294327505
12.8678622457
17.6960498281
9.04259050274
-14.4386071036
3.56907656501
12.6826922773
15.5275984139
7.35132430382
7.57837164774
22.160700937
11.1745822316
8.13945950349
14.7337783878
23.9260495199
15.6350415822
13.2657123229
25.138182095
16.3009602589
8.5398175269
21.6934507365
13.3493423331
4.78233541947
9.86657482428
8.47497778662
11.4235637089
1.27881681296
21.020503712
14.5449320359
16.8176275165
9.8674060335
3.77592930756
17.9718290967
37.9896268868
21.0930872694
12.8431159146
9.35428258254
21.3130001471
-15.041308433
-9.34837567289
11.1031936191
9.91610523077
8.74096341056
2.59476611105
9.79043621998
6.21895626591
1.27881681296
7.10934973924
-3.82954742862
19.4289590517
-1.40204950302
14.4440860051
5.30705656882
16.2874314189
17.3660572337
13.5233117767
15.7738637261
26.373420393
16.7029230579
18.0031454098
22.655919698
16.7543820101
8.44941376355
12.9330629395
10.4514431628
0.852848978489
18.0026761635
13.8224921927
-15.041308433
-11.8454881675
34.0844408282
4.21547522182
-0.489929341931
11.6625360448
1.27881681296
43.1902809419
-352.859026761
13.1947874443
12.734102507
19.3066865686
26.4558914306
10.2434822125
3.79914313368
45.2857943558
14.3088026282
17.5235179917
19.7478872706
32.3015172794
23.7345103658
-0.290608858714
14.8548650527
-4.94441221833
17.4366621092
7.01660126161
8.10019797581
16.1561409747
7.21172841449
3.89137913876
23.2563421889
24.9130148132
12.6190809273
8.07822913233
17.9900802615
9.27554165628
32.2030402081
0.83716858218
5.09271015348
13.3221157118
54.7353367252
-0.516479341731
-8.22926289815
4.43890431387
16.9802710769
12.8383184776
32.004036039
13.4553458545
13.3043928699
15.6728243893
12.132572757
21.2048684282
8.86258752871
8.19542732426
31.189756323
17.6939550964
26.6224163587
-0.26127040674
8.38360371207
10.666280676
24.7035577986
0.049366478073
25.1834850993
13.120518506
9.27554165628
9.27554165628
3.27471226195
4.81578864744
11.8639765292
-1.61560032044
16.1380313006
4.93206979046
2.6231656515
13.2809266315
9.17425059414
6.46941542078
17.5908094885
13.4067468352
9.51273575861
8.0795965073
16.840213542
5.82015584271
20.4816127208
7.10934973924
5.23344241822
17.9802294723
16.8383598737
8.83454544322
45.0699709086
18.8177046303
2.78446994235
15.7590291289
-10.3392350187
31.5356284613
9.69085888203
7.08368362735
-0.18240907053
13.8613680401
19.9026739047
-2.65588390791
10.1574563511
7.58856316718
11.2111140776
15.3938276725
9.2140029724
11.8071337538
14.3956113004
-1.42342732959
26.2464782209
8.47402801711
9.1479144225
18.0031454098
24.3789082758
24.3238948301
22.9527547858
1.27800807846
7.63337954405
-5.38912663617
9.94071472803
8.16315246102
18.0014878961
10.0760318388
10.8333148717
6.8732897917
15.5428913802
13.8213907015
22.5583430358
17.7601176479
20.2902149846
17.0687521391
7.67856771319
10.0440428082
13.6351816677
35.1225367196
13.1913181202
17.1817492978
6.83171908466
1.27881681296
9.07062815781
12.3564823152
11.2518968318
12.6927257939
13.3378432189
11.9206826767
9.1479144225
12.1132356309
19.7672132896
23.3295015018
18.6288063
11.4400822278
9.88091668823
0.939333430024
-1.13964954111
12.1942158393
12.1142340976
10.2706938067
9.86657482428
5.82775617133
7.04041103054
0.115582422529
12.4110964456
10.8401652877
9.52875984163
14.4356165471
28.165158252
18.937997809
9.1479144225
17.8694624908
6.76164411384
10.5246954943
14.7823923512
-0.315405613888
8.5868845443
-4.64926515632
8.51192322806
10.3587066033
20.6031785692
1.83424110429
12.2695987669
2.03667871785
26.2310156757
17.6334091691
12.8919005763
8.18361828227
7.96611395601
0.426010096837
5.53945019777
9.96638083992
26.4719138995
5.47022640558
2.86560359369
23.4602096699
13.2972437258
5.99806905729
4.63147179365
11.9293259731
3.43633696196
8.5868845443
9.49071649894
25.904732638
17.1028360478
11.6617278376
0.628746996449
14.8661205606
2.90230479673
7.91972706648
10.4982462531
17.5183009186
13.0959327818
26.4676167494
17.8700102428
6.21627639361
13.3393240151
12.454666326
9.50747021029
7.18807582256
17.5770559418
10.2505601705
25.5456198536
16.948013347
7.71446579838
12.6113544377
11.5431414304
17.995257357
12.9757173828
2.68359464106
26.8133167882
18.011420198
12.5465479789
87.6583986125
8.3221858028
28.5026268535
11.6467155043
4.63520884952
3.17732612898
18.431521443
12.9452154741
24.9753904603
-1.93927570485
-1.05214759092
12.0765343339
7.37712678867
4.49516443062
10.479668004
7.05461476609
4.29723548241
11.7909450507
4.35397952926
0.0872003821604
13.7995519848
6.70205944401
29.958356742
8.79726443587
11.7980026544
12.7974907172
12.472863062
13.4923939562
14.3447084704
12.142266776
5.64150104303
26.9180449288
18.3204384222
18.7693334362
16.7176371616
10.5785221692
12.2121759856
13.2195676739
12.5883652903
8.18361828227
10.666280676
13.1731547175
9.79585634279
5.99241944116
11.028599665
6.23219573029
-0.229710773671
9.81713316923
26.3126784106
18.5477728813
11.5608073463
6.98006827609
27.3720202462
18.570123656
14.1971105175
27.8336356679
19.0317390777
2.40217177694
1.53201503432
14.0230667957
18.6307524646
15.5880012513
25.6766028205
17.9116972913
0.324993409624
8.94030092825
5.1042034153
5.732511432
29.2909726235
20.4890760333
10.1057720869
-12.4762464722
15.6882431841
9.52961247327
29.693017755
22.093636377
12.6373129013
7.4922399502
8.46814000694
6.53901046883
16.601017018
12.4579691336
15.3904559405
25.8663940082
17.0644974181
8.79726443587
15.0209385538
9.89224171553
26.0036621123
10.3238457198
1.20953690086
17.8694624908
1.27881681296
28.2815546313
28.0525525828
20.2876470535
5.06611729569
6.08916395374
16.9472096045
10.666280676
-2.13198752376
11.1616264575
5.72194933219
9.08985975702
10.468779132
7.03229561091
2.83768634887
15.748931677
0.049366478073
17.4900971611
13.5233117767
13.984431612
-2.98130758539
27.7608496215
16.1939791562
11.9975065296
7.26453370828
2.25064494781
14.1996097328
1.64588462335
8.95268380291
12.7694696784
10.052212391
14.9454204993
15.433660055
19.5164376748
7.44037072858
-1.08450293637
8.72821852243
8.22782520959
9.66683313294
9.23163727417
22.7285132789
16.3203779188
9.86502839916
15.5630157099
8.79726443587
4.94982207888
23.6458960025
8.79726443587
55.9504907767
46.7499979781
2.44445202036
13.4339079281
1.19792473634
1.85438739076
5.33652400813
11.0225591533
13.3493423331
4.78233541947
35.4328441952
13.3080566863
7.8235926601
5.47944201829
23.3236779595
6.85450294564
3.69941274935
-1.06259908406
24.6694377685
3.31549837906
8.82514839537
12.0956133156
20.4070528113
14.3957749708
8.41419783443
2.7678535167
4.22748775309
1.27881681296
15.2340602472
9.08985975702
12.8130207152
17.6645826415
7.61917198774
7.4745202723
12.1023929716
10.0756408376
8.36522384312
10.4212412313
10.4360661829
1.2477226573
16.8043781595
13.0394675701
10.8751058862
15.5746478918
19.1569726129
8.13501899565
12.0365839881
16.241943375
14.0690428724
5.89022171279
24.2552153756
10.9483565015
6.28454673699
15.2728439988
10.1874913197
8.82780929594
12.1467837298
1.24345567382
2.0818585237
0.541618321145
2.40217177694
-10.2214468052
27.0547919421
8.26005270451
10.6564500097
7.2055402483
8.31660947238
6.76965744169
2.75741048978
8.79726443587
9.97509560063
5.86647519592
13.0132023533
-0.612216707564
14.9391984865
3.28803378391
8.99319298946
6.11779278513
5.24887328164
9.43370348226
11.0561194479
4.95772089574
2.64474071377
4.71602535313
9.97267420536
8.63711227213
-8.71876490938
10.9185476651
11.3956458064
5.03379109509
12.3726692666
-1.18829329282
12.5414932217
0.364962902788
14.0344627851
4.78233541947
2.70979796352
10.914832177
7.85670243422
-0.191937460666
0.917755395828
3.55511608405
12.2798796982
8.46373049734
6.27304979957
7.3637403109
6.20652766721
9.83218919093
18.8268431199
145.126264074
4.81206990874
6.39348962435
10.666280676
-1.35906556188
37.4610872955
2.22785773287
13.8393257762
-8.39068335643
10.3733961572
12.854394665
7.96372765636
26.7199526907
17.9180561005
21.6588701498
8.22782520959
24.2552153756
15.0209385538
9.13735162865
13.0857708068
13.6351816677
29.6332130405
10.1124639459
7.2725153587
2.85543357463
32.3015172794
23.7345103658
9.90519745535
8.18361828227
6.90529487141
21.6454879979
7.45927311539
17.1560244676
10.666280676
15.3042040311
475.297083219
15.4031658058
17.4235167702
10.666280676
11.2706772258
8.23838050931
13.2055884221
7.10934973924
7.29506946443
16.1191386286
8.07586615557
9.73468982419
14.8651440179
7.48656036104
7.74840368274
8.62127894371
10.0093551268
39.3699720217
2.34606150477
7.34593310611
7.10934973924
3.58005414411
10.052212391
13.144288805
-3.30153298305
27.1781325058
14.9458813133
6.09119084658
12.7596580947
46.1668220322
18.4465519512
12.8575870089
-0.46380556286
12.413298173
4.52890556433
18.2240988754
6.07040414147
6.62429605367
12.0506399357
8.30249440602
4.21120452501
7.86401679748
12.4375735945
6.50698900523
-0.988515688874
22.915256879
14.5611307972
14.4837268225
14.9620343289
9.16204777663
12.1759365174
12.3137179371
11.5500293522
5.98689634806
-0.920339422428
2.45901110475
12.4497305051
6.47101294472
3.30353110977
4.31558519211
9.79356655986
12.3564823152
0.352041934816
49.7961352969
20.1560037266
-1.04623295351
9.23431007416
5.44168019192
19.3961024151
-1.54265809428
10.4097907034
11.7482719031
7.61799160836
9.82439374168
2.03609984581
14.3580344778
6.42336678947
9.88721140632
9.63864534655
9.91290945932
17.9407214053
9.17426667306
6.86177378914
9.88416712355
17.2447427137
7.53863852314
1.05049800967
-7.51650890395
26.7505375169
10.5921364707
7.47360341823
11.2570385564
6.91926791549
13.0763858593
-0.579851915366
18.3257633443
8.76883440877
9.40406767955
2.40567072161
9.28993683976
23.6779952986
13.6539645227
16.6166848734
14.9630841591
7.45206567925
23.6231823827
10.595867844
1.27881681296
2.03609984581
13.7749764094
4.77175786404
31.693815619
2.76806351595
7.10934973924
4.60860236219
-21.8734151561
12.0807646604
7.5717854509
26.1307719761
46.7777083742
7.98246512163
17.8906429558
7.10934973924
10.688649488
17.0783998503
10.7054671237
16.0546267467
33.6708236655
21.6343311227
1.48285173011
8.03309913707
15.0209385538
9.89224171553
12.9298990549
-2.52765401364
-10.1295542121
17.8937480393
21.1255175466
5.69111095534
9.46793971379
12.7026924646
10.9909697905
16.2255755789
10.666280676
3.42198504377
4.836399124
14.7262011341
6.52675150577
5.18494165634
1.27881681296
9.66727014773
9.45896725607
-0.722120363079
7.74906957978
9.70869056445
23.5694400289
-1.60829618169
-11.5063390298
12.3185216637
13.5938951565
-1.16675980789
6.2915978484
2.68229159684
1.78785408709
15.2789974049
19.1320280666
8.86923607398
10.4473617692
12.7199377262
11.1745822316
13.0763858593
30.4477538603
7.10934973924
9.69829223863
8.64637841428
15.0718048679
7.89535472749
-0.878800666264
19.2123481464
19.9667097154
10.754966921
9.96638083992
20.6748702189
17.2433693314
3.22645197001
23.5246605526
15.437927615
-4.69527082749
27.5215109959
-4.42535659504
5.38902420289
11.5388814928
8.41522357678
10.6724769816
25.3186658344
0.588837364598
17.995257357
0.662216210609
12.4300754791
12.8866182711
9.58030010669
3.34522114022
4.9893734136
24.6694377685
-119.314399914
4.99230394715
-1.83823972681
6.35155585043
8.04337901931
-11.3886109302
-11.4255713636
10.9120193053
10.0622950878
7.11574335052
-0.781615317558
17.2677954519
26.0073229464
19.2824058015
16.9016834874
3.61660340518
-2.97472345661
7.87603888409
9.30422808188
8.49608322986
12.5824830874
9.89224171553
21.0939779594
15.7977605527
16.2994385825
16.7390934084
14.5062006634
19.3112192914
-2.47684692417
53.8691577436
4.60101348076
25.0448848891
7.89464813268
1.72345514769
1.27881681296
10.6469188861
25.7884040396
17.299095186
18.7175035256
5.35238444546
12.9886740285
19.9215813541
32.4879639393
0.0458554543436
7.25039235094
7.83721967733
4.3081871453
14.8117887854
13.0549575565
3.83790484617
17.5183009186
6.97564298974
5.1188563261
7.10934973924
15.3659918242
475.297083219
-9.80528833699
7.96617086263
7.21313070329
10.245220118
10.9981111073
14.0255476328
13.6168292933
16.2447768922
30.1405759289
15.5850577965
16.7459574485
12.1100894404
8.96672158102
15.6482810785
10.5951044967
1.27881681296
3.12344484961
-3.72943087377
2.26569203231
18.2755839515
12.9351512031
11.4602947983
3.43105560962
5.53420035022
-1.79586616509
10.8703295074
9.33189626766
4.93726264051
-1.39968218876
18.9007567948
15.0209385538
9.89224171553
11.0225591533
28.9214720058
2.79642619473
-3.30864003673
13.2516392333
44.2259310637
14.0001148968
5.21967859816
16.2802548638
11.2855434921
22.3177420495
16.6929408189
13.1718221715
26.9829061207
24.9933505117
11.8470106543
5.43917175067
8.33695302826
47.3816905345
8.51774194994
16.6251126601
10.091252207
3.18257054921
8.43580020386
19.3739547362
10.0719689199
17.4294020417
0.943025925699
1.09043231087
-4.89430259273
16.6975122107
9.52875984163
1.27881681296
21.3426822689
7.4210242903
27.3583532414
19.9710612724
8.32353739658
10.0622950878
6.03777722068
1.1104422573
11.4263454767
19.5198283256
7.49114660202
6.98084115393
12.9298990549
23.2750977284
11.7032789508
8.77727908498
1.27881681296
16.5695234649
5.49737738226
23.5694400289
10.1290689447
3.12344484961
-2.09300864067
15.4333643532
11.6269186636
30.0855407695
11.9975065296
12.419780655
1.37209917728
15.5887360847
23.5321262181
32.2826159144
23.9448871495
14.2857004071
-2.70078768412
11.6168446882
-3.99408319957
21.2788215082
-0.797495782342
4.79704966183
13.9775921327
12.7408074225
12.8400777981
8.72014281304
20.0279391641
19.4813371812
7.483870188
10.3825501987
11.7748960171
6.90505864375
8.12824049673
10.9369714136
4.78066050008
10.3656714816
-0.908286010022
17.8652524455
9.26218411994
11.413521873
12.6530179291
13.2013881039
8.16321838466
23.5694400289
9.16368612654
29.5919893269
8.43966301558
5.3798979044
12.475281816
26.4284561439
60.2733434075
8.17213124856
11.8934219043
10.0622950878
17.2802836461
17.1431660603
12.0049455232
3.76040079298
1.54960978076
17.8967629286
48.168447394
13.8812390528
17.4111916396
21.7416458051
20.5861863431
15.9949334266
0.040247149016
5.25047772382
5.14831372385
3.42782172218
16.0618274414
25.4153741365
15.3317344793
13.9832713923
7.26391939949
10.9532077144
10.3065798829
-0.0455049494414
4.74610105285
-0.443946055595
11.2671432907
9.87037285449
0.729851434669
10.177929345
45.3493605289
9.45897034371
12.9326719382
7.14769083541
10.576140289
14.7995775584
12.5922761954
9.28572575853
8.23180330515
13.570303748
16.1285743797
7.16521824598
12.0542295853
7.10934973924
3.52428617343
9.98501754661
3.76040079298
9.82881529149
12.1607844228
15.0209385538
9.89224171553
8.22782520959
4.45125347097
-10.7242129655
11.4549795778
20.726433308
13.9098042396
14.5611307972
20.4104622091
23.5694400289
0.471109002689
9.1479144225
19.1721391068
12.723605925
4.34493586911
11.3007593319
9.1704153394
4.23164826715
9.33473817751
0.353774169662
10.0245652532
6.73793727072
3.6355686437
29.1014336158
23.5694400289
11.1745822316
16.6166848734
14.9630841591
18.3327195474
46.0473120426
4.45125347097
-1.92387237302
6.40680628122
7.3250577345
6.97976047582
5.47022640558
6.8956247884
1.1363318771
10.0756408376
2.48713766382
20.3478790985
15.7721704882
7.10934973924
9.69829223863
9.08329295515
0.511980937757
7.75028559456
-5.04762285113
6.46258572639
7.21999695437
14.4222929009
-0.737454377416
-10.9972627156
10.246624054
13.2949659964
17.5183009186
32.2338549
48.2625707197
17.6639231705
25.8045888605
17.2069823539
10.7623128414
-0.429913155056
-0.537834800383
4.19851446318
9.75499457677
2.02013248227
20.7537940293
16.1705695841
4.78233541947
17.4435562151
2.88672780708
4.31871368888
4.23707797895
12.8663862275
28.164043049
9.06557250008
8.41271035735
6.39783947568
-4.33301845077
-3.31222705839
4.60709538781
8.40869948284
14.5322821621
14.5611307972
22.6907341085
4.45125347097
-1.92387237302
10.6913448823
-5.41367085438
13.1873585119
4.40797911167
-3.27064200744
11.2382355144
401.980098573
7.10934973924
6.94810021653
10.8579199303
9.08985975702
9.72855009034
10.3472657963
0.637109035988
13.8572012346
5.57854825845
1.93223895306
22.4358239929
4.27134900997
-1.27881627819
21.266970371
5.68203364806
8.72090190601
33.4620385185
-0.45160893605
17.5025225338
19.9029094587
21.9330719534
2.81540970725
35.6243391198
10.0622950878
2.990704403
7.10934973924
10.688649488
6.7681452247
10.666280676
3.41389955325
12.132572757
10.6508760242
4.54402421572
8.38325484889
13.5050675548
1.94060522145
5.61395241427
2.83580118719
2.33007746439
21.1544759171
1703.79525002
13.5361239872
8.77131593672
-1.40688589626
6.19748586199
24.8166462415
16.7503781636
9.70602817407
29.9187378822
3.96558385666
6.02699389574
35.2815734164
4.28596747734
13.48763396
35.0908860007
10.8694019383
-1.33549076686
10.666280676
10.0902562924
15.5367288855
11.0406493829
37.3400370208
12.2839432914
9.74013216654
0.320481084685
32.0291014642
13.5233117767
14.8545376303
10.0756408376
13.7409010656
9.96638083992
-4.36428858622
4.72286688951
13.9813912331
24.4431954349
20.0737400065
15.2159705776
5.90829335376
-1.52025438678
14.8564649891
11.7581444836
10.666280676
8.77131593672
7.83113394668
51.6638709857
32.8523422505
17.1537549319
7.84918956608
17.1560244676
4.91293128007
16.6166848734
14.9630841591
7.10934973924
6.94810021653
5.08477330383
1.86594008355
30.2560762756
10.8448051297
26.877479689
26.0073229464
17.6264404826
37.3732603293
7.23782300071
20.6314741759
14.9728509166
13.7858921796
7.59239846815
15.8214676718
18.0532357222
8.86948696004
-4.31910829328
6.64438578201
20.9680403064
9.1479144225
12.4901476024
13.0763858593
15.4319313025
5.53154799435
14.1707638949
17.7134960898
15.1266207947
-0.737454377416
-10.6354972256
-1.03762514441
7.23212799785
1.27881681296
34.0222405499
-4.26687466471
1.05049800967
-3.35239963971
10.1732562126
9.86657482428
10.8990124203
11.5416507151
13.4439489179
6.98084115393
17.5183009186
12.8032340185
10.2563292689
9.86657482428
28.5185171896
19.7166205994
42.4286040124
-31.7901297428
2.19793010655
14.4056084782
20.0197407388
19.7803958845
17.0619265513
11.6283470374
5.62466165975
-5.39446585249
9.88868634791
12.5691568211
12.9629678815
4.72297118423
6.67254824455
8.23692900508
10.6607149536
8.50742023386
13.1691325359
3.17751218536
22.9979028208
9.87037285449
11.5175813938
11.6691927579
9.32558918375
8.61230873412
9.85092597367
17.2626395789
14.4056084782
12.8835055327
20.9106815002
6.56138033832
0.165024482322
9.45836761893
16.169713361
21.1466439653
11.9855978522
17.0471031633
8.53134429002
36.8397438679
9.87037285449
14.34979974
-512.028548347
-0.68735984956
9.17636963119
1.75212911241
33.0325751278
8.96233166495
34.5861481104
30.2487389319
12.7565790518
19.9363117003
24.9826813733
24.1125246306
-0.492228087032
6.24084232642
32.1364469425
23.5694400289
14.8117362593
-212.798366156
17.1844210046
26.925487022
28.8461516595
4.67281888313
-3.37806883349
9.79957333701
24.6511564919
16.8862509627
17.6524608428
6.91262046661
28.5743416512
16.2165841888
9.21851316065
5.47573806001
23.0941035028
17.8824437253
14.1507818112
4.05495583702
6.71328695569
15.5154871868
0.07962884846
6.34111123041
25.2191666133
-2.72859675198
1.86594008355
8.59966596325
20.6112334622
32.1364469425
23.5694400289
0.170584894376
27.6065898566
27.6050338589
12.0100532893
5.22273178521
0.904832976957
17.6112992449
0.0356634088706
9.85092597367
2.86407711975
25.334530779
31.7078140845
18.2708614471
9.99891232168
475.297083219
0.688526954526
-7.99293650205
2.4890167525
9.93675018578
10.666280676
36.0189494618
32.4661631995
14.2333297115
11.264517122
-1.21988716439
27.6578279288
27.6562719311
10.5359114927
6.08784793879
3.59190964794
13.1339694488
12.6840770271
2.85255236021
3.5455580552
51.2845538419
4.58376088851
1.81940595627
5.17615221412
8.0076305545
30.0868828933
30.2896169792
5.45428902407
12.1882666797
14.2786078935
10.0622950878
6.34303116532
33.7067026511
17.0845659678
8.88990660886
10.7354200697
11.0646384192
1.30520629635
-2.43005563268
-0.110115207126
17.2217526717
9.93675018578
10.3746860885
6.56486803023
13.1596861105
37.3013068833
10.7464579515
3.58554908026
9.28764217315
-0.0706950314887
16.5030750216
18.075954693
-4.68580799386
-1.24433807918
14.9809976947
-9.02904067245
12.976829273
27.1664895114
27.1649335137
27.4044206851
10.666280676
12.8372179403
15.7374151629
2.61312142569
10.3987067452
0.32798540047
8.36982964047
4.11047798068
6.60039059251
12.7806621649
5.11875096261
-2.43005563268
-0.110115207126
26.7385884394
26.7370324417
33.2250302596
14.7200943477
1.22967929225
7.46094373542
12.1213666432
0.174431260541
0.61085538993
9.5960529658
18.9655649146
10.1271330798
9.93675018578
8.63428942502
1.16185334139
9.42086186732
9.93675018578
19.8102409524
26.6026013179
26.6010453202
18.5970180708
10.656082516
10.1260475457
5.3504412187
1.76867132693
8.76073266916
0.865007099097
6.83775275662
14.7017851034
0.226628773452
1.3437500517
7.54266104516
11.5771739137
29.1657471344
29.1641911367
13.1742728708
11.6506354588
10.5613693187
9.62777963441
0.999739218262
13.7489543326
4.66471470562
5.90918579011
26.8812036068
26.8796476091
20.1368046323
17.2352162673
12.0457296868
18.0072621477
1.89445967856
17.288115383
16.6323657912
10.1641539178
31.3559158823
16.7579016886
3.31211362423
28.9235455743
29.1262796602
10.1539974502
5.80349601363
20.1368046323
17.386653569
6.07029369092
-1.11664296565
5.94658864535
4.89116258399
21.6598888137
-0.659562910103
10.0622950878
9.86657482428
1.27881681296
6.42887746663
15.1616946248
13.5233117767
26.8242568048
26.8227008071
5.25700295034
10.5910141375
37.9896268868
10.0975875675
13.4413600599
32.9387780037
19.3066865686
30.8267954217
11.8791120122
7.76074566468
23.1931228896
3.39040464437
5.37309921405
6.84513097164
13.437596578
7.94141714353
5.94658864535
7.7547755879
14.954744154
26.3897481213
10.8990124203
9.91598769607
1.61567206907
14.8276273941
17.3988415875
11.3699466466
19.9984014833
11.0735701212
4.74610105285
8.80361974603
4.375578329
19.877186195
34.4092117323
74.0778361083
7.3637403109
4.81578864744
25.8946689649
13.3047861031
13.3748796644
0.389924909481
9.5302667016
34.4020699007
11.8607178062
13.9158807244
4.10091690423
5.51155198953
10.5089852438
9.4738868886
16.7573010504
6.3330539102
157.441386201
13.9573568942
4.17879970622
9.75157647735
5.1641903515
13.3366991047
14.172863362
9.01022681439
11.7069826864
22.9307711072
2.5866894404
-1.36291484261
-2.30129133633
5.41411631378
12.545970032
6.25411422589
16.0642560271
5.57519172621
10.233409334
10.9499364334
2.48116459778
10.9726212682
-0.867361638421
6.26626253772
-0.38948279419
13.1391124035
7.50021491634
2.9746195018
10.562533314
3.501786063
13.3048079995
8.29253492302
1.14031170277
13.7398643188
10.5711353542
11.3848280634
9.35917508784
11.6843190146
3.0341557523
4.03139636938
0.902691958163
-0.282973723066
11.3498356056
16.3439217362
7.67935594187
2.9871101048
22.0520580487
-1.47042350648
2.58000237124
13.4085409382
12.0214679144
10.3589751146
12.1819922449
19.3066865686
10.8990124203
8.9072688366
13.0511133842
27.3052394545
27.3036834568
3.02089411434
5.34679795945
7.84692212097
9.64644140667
5.44372054108
10.5558658075
32.1372282191
17.7945237504
7.62985453796
4.80112467576
10.562533314
5.98536169902
4.85143369395
19.3020324172
17.4181618979
5.02347815666
11.2539134873
8.61105112012
5.23584131819
9.04967356328
