26.877479689
27.3743325845
0.294105965096
4.78851861337
3.34956011954
12.250354515
15.1161755756
15.4626053962
24.7499718547
16.182964941
0.913970265811
21.2849398444
15.4996298276
11.5721990086
9.29933102732
26.5062190968
2.46035645878
10.9830785397
31.9298783063
13.3499390639
7.79996155796
11.1210459355
17.0326128981
4.8585635672
10.666280676
10.9867095797
26.877479689
27.3743325845
22.1878324595
8.97802984305
0.20723578594
39.9802816353
5.56193791645
3.45417364531
41.2090542573
7.69150027379
9.20303704799
0.466140924617
4.85728588494
2.67836564593
27.3156526412
7.63094831123
62.9111745766
16.89085617
4.41948080525
23.8841292724
1.78659072007
9.04498264024
4.79824156245
1.96956679559
34.2403598977
7.10934973924
2.29168818071
-1.2652587693
12.144365728
-3.78266200647
10.7764457399
16.9415091318
5.13477509891
6.95601733243
19.7589216082
6.31531338696
5.85004974218
10.6901301647
-6.73759324391
11.5097819764
-5.13294799536
7.9614939108
0.562259495616
2.49601478198
7.98502601793
3.70152256112
26.8408194146
25.1005059294
6.48219883707
1.39280744938
17.7232208892
4.34082529948
4.28142530573
17.7111182106
10.5039640438
7.97249357877
5.88881305386
15.7276768639
3.91276244548
3.99569394106
7.22363030165
10.8990124203
4.68726691098
12.3617783718
23.2885314544
40.7809617763
9.51513224483
10.2694852636
8.31941677165
4.13212855735
-13.9319189259
13.3523324329
17.5183009186
19.3706427576
1.20086246403
5.89627179949
20.0673681024
7.88522616725
13.3626438526
5.46015451634
4.86781193315
17.0207304553
28.7334514632
96.2070207391
9.07792086262
10.0756408376
5.94658864535
8.89819890945
14.8174214898
12.3620442411
18.4165206008
0.033023668492
10.6317763895
9.64669520939
12.5572248176
10.1760720372
5.01699738383
-0.994218237553
10.6562365827
7.0209892486
1.14122053395
16.2559197323
5.19531133675
0.777996095286
6.84513097164
26.7240263777
2.04552670671
23.5054845657
8.71103570886
4.89929632793
23.4723468435
10.8195781206
6.03261698191
12.3620442411
4.49587113741
8.96025869506
27.7160898033
0.0525076248195
37.3279504668
21.0349623436
5.176238102
10.2207714116
2.74961950576
7.3637403109
4.81578864744
18.9843107961
-3.19271233348
10.9024091835
7.41820670772
16.4483612579
2.04286646549
0.706761965774
5.55728852624
6.75497051234
-5.96900707927
17.7944274641
11.0510897954
12.7960455575
10.2495898426
-2.72332958611
18.4406542884
18.4624222384
14.5611307972
1.45996863389
1.86056561396
12.1387737489
23.5193300307
9.33994809729
7.63094235642
17.2807438497
18.5383464351
7.2529231215
-6.65443855269
-1.95123430595
-0.133064925565
8.5868845443
35.6154340849
11.2499480607
12.2842356917
10.8990124203
5.34136830887
11.3660438089
14.505582582
139.807076276
16.2884187066
6.68668226079
6.76734114038
49.3607181644
38.3115892665
15.0209385538
7.30359109106
11.2788484159
32.4702292628
7.06039824649
5.61094211317
10.2549109521
9.27203115347
15.2517426917
2.55179328074
21.7532229334
11.2715671766
6.5474558847
6.72247658036
13.0352308294
-1.38788653293
4.4544087432
10.7622413766
6.30691680184
3.93838570258
14.5951368841
2.37990655344
23.5694400289
-0.939845702913
19.3324423955
-2.72654068801
6.65684297394
7.90278255916
11.4089019118
-1.76140472718
13.7380857804
0.374280940889
14.2675220632
22.3308407143
4.07187908554
7.7069047688
12.0811735322
10.5176566823
27.3290122733
15.7033410771
8.75571975344
1.58119152013
26.877479689
26.7272883968
5.6945380905
14.4744907935
8.57857451984
7.63857369316
2.99399241174
8.55456700091
7.04017411959
7.03188646515
54.8490341345
10.2031781101
8.39858979246
9.9172482588
12.4300754791
0.210714825162
24.2774069365
8.80022297758
9.16859448451
17.7676320282
9.59179252687
-3.77738603748
1.86594008355
4.54797223708
10.3179748361
13.0382098549
13.585562
3.56318730436
1.86594008355
15.2871065797
12.2884144816
0.0219905992275
10.0806614023
9.6506706653
23.4723468435
-0.690755343601
24.4431954349
19.7478872706
5.01412544017
15.3579358311
10.4809132016
10.0622950878
11.5125415373
13.3434193916
14.1205035275
4.07057494836
32.1364469425
23.5694400289
13.4195644147
14.6996088587
3.8063569301
20.7902834741
15.0209385538
1.4387998017
17.4181618979
8.2296223816
2.05050785794
6.60230279061
8.97175584486
4.00379311405
1.8511428559
13.1497171395
13.1468508276
1.27780303771
17.6744525905
8.63877992666
37.2679481877
15.6195537559
1.72218495875
-0.382159250161
15.7276768639
11.8912572392
11.6542955365
3.76040079298
3.03146236122
7.80404112075
28.1054104666
12.9193261885
21.910125633
-1.24685800611
6.54594159482
9.83787225461
2.52285214521
10.9544322063
36.8905033561
11.8115455215
11.0646384192
6.15726055494
8.46576299427
2.88514179003
2.03609984581
12.6548598109
12.1661975283
9.53753535643
12.7425483573
13.2415988655
12.7274039552
9.93975855575
3.81681037639
3.08604178865
1.95811579918
6.35950980519
15.93341696
7.72627321069
8.79726443587
6.03880096012
14.5953086891
1.39464402414
5.68534604583
21.033891377
6.2321506476
17.7872287253
7.70907675372
17.0896517087
3.43859173789
8.74023310911
24.6888950113
17.0530378031
44.6433226036
34.9728252685
6.96425310439
5.70163339449
13.7286294863
2.96522518673
-0.207355043877
7.83202519872
32.1364469425
23.5694400289
24.7671567337
2.55302986738
9.72199535291
12.5987279796
9.56413304855
1.86946692502
20.5946512117
9.07748539156
22.8539886205
19.8168240508
25.2022258942
21.910125633
17.6534018819
-1.87360116927
18.9431560199
10.666280676
17.8282025394
17.5025225338
9.83433100492
1.1526786462
12.2935660641
3.20957379919
11.4803543424
7.34285482664
38.1599960473
8.99953105022
20.891902278
20.3753320193
10.9913672862
10.0994649296
12.7706715651
3.9711544068
21.520538667
10.3692676842
10.3800791966
18.0132091416
17.2300267378
7.7725622035
2.17569995206
17.5529936392
10.9965967764
1.86594008355
12.1826202844
25.2467004196
19.3186031405
9.2602094329
-4.54503521132
10.9253816139
11.8725538418
12.3601629654
10.5900094783
27.1122464763
6.13019666008
5.29184496627
10.492574257
13.6533041783
0.267498646948
10.5144517187
13.9347846232
20.2459212499
-2.06162541149
15.6472604275
1.86594008355
4.92553419565
10.2577450963
35.0908860007
13.2371102973
23.6312949133
-6.16977629435
8.04961203667
-14.0957021955
6.31605976285
36.9227802447
1.18894667069
10.1075898731
10.4268721314
27.485947972
27.545926112
11.8263999706
13.7998150991
145.31876744
17.8907049294
15.2135134158
14.4270146868
31.4035729737
20.9079783395
4.27720067546
5.42571207642
12.2320831593
2.86498407914
10.1439699014
12.1058307084
2.53380144132
16.9066731527
4.13260481994
0.210661746485
14.6225218253
8.22782520959
22.1882606177
10.9562830868
11.7388018284
2.05050785794
2.87609169108
7.15784720306
11.6344777373
-0.264106129949
52.0698235437
14.4398330548
3.0595532849
10.5856500858
37.444635586
-0.572515382912
15.1632966198
4.98947498794
11.3566127128
24.7549835612
7.60313215353
11.1166268495
1.11977170149
16.6166848734
14.9630841591
0.591255006396
1.41829717855
-3.76688327695
19.7911999155
10.2207714116
2.65356079385
10.1283836377
15.2226260973
8.91045740784
-1.22114441822
22.0254591454
8.70271065974
8.42883936527
50.2744193996
8.34183827061
12.1241528857
25.1472357286
8.74864970856
11.4443289529
-1.41320162638
17.5834077298
8.11947591196
12.5438790678
7.05056944377
24.9004287565
10.935260233
1.77761450691
19.2354891725
12.9987332092
3.58632719917
5.08539582181
30.7904874773
19.7637042534
4.38771024288
15.3103756024
20.0692390106
-0.780636559416
35.6154340849
6.80228189973
26.4529998941
-2.09387972567
14.2400648864
11.2498572898
1.39539524907
11.2498572898
6.6602960367
4.35507137693
10.9686718358
12.8127688694
9.30388597191
11.6096936971
-0.525224546439
2.08330255356
1.86156140788
9.87037285449
3.74197439917
4.9367292612
24.6888950113
-8.06884189391
5.13488360983
1.43841324319
5.05591605662
17.8402672265
35.9261939645
17.8478204573
13.3567141718
0.049366478073
16.6166848734
14.9630841591
2.98223075502
17.6022847088
13.11110126
8.39585776229
43.3929179313
12.1441840794
12.3850445065
14.8380662952
13.1700894133
29.4708891676
22.1155811003
9.08317388005
23.3645732489
25.1103551556
8.37242086592
-7.39565530559
13.4802709052
4.74412748937
2.8953205765
10.5630680248
5.48603993356
6.96304833647
-1.05076637484
16.0868782354
18.6307524646
15.5880012513
9.74290521554
7.16908697775
18.5539013326
25.4461780441
48.7520142676
6.62259046597
12.1233609869
7.10487844721
29.846163443
16.6818016694
12.7703740942
7.40003978106
-3.32149335334
20.2254485262
12.2673092253
17.7438645462
2.97955317133
20.7387208151
3.91602390229
18.9565476253
0.406882661661
7.94456481094
11.2498572898
16.033725428
9.55454746872
6.57676217037
15.8485241069
13.106739359
2.16146078329
17.7438645462
0.927799522214
12.4300754791
5.23598996826
18.9330468687
20.1552022661
2.74396775831
3.5435976867
-9.02904067245
14.7748093105
9.95198483278
2.0276635992
3.04430975994
73.0566574162
8.21985321021
8.31156076753
8.83727710966
6.20652766721
2.29338559486
10.6276558873
17.3636075316
17.5909317851
13.1250355011
16.9066731527
12.9170641219
13.3299010395
12.3497307887
6.03777722068
9.79941643982
10.1223196428
17.9561789886
8.59823040249
5.00868349954
-4.59061725461
-8.07383301025
15.1007275489
7.68003289685
10.7454637837
1.27881681296
9.69621717231
11.3656271371
11.2194971416
11.909558465
8.81066262132
14.4055509873
5.68805071871
3.55645392804
16.4494897325
35.4745142423
27.7853830743
16.3899456673
-3.64530695589
35.4529380432
9.42479178513
2.05050785794
59.1948725124
3.06823902221
19.0438323574
14.2449329007
7.46696629023
16.1322730842
10997.0671985
12.4300754791
32.1364469425
23.5694400289
11.4552615032
1.9264143822
8.26421044901
-3.13576499385
9.16343380879
25.0928446799
8.1084715958
-0.251366596218
2.99415431167
2.99415431167
3.32512816223
13.6765478498
11.1373622294
13.4855217927
11.3184568109
-9.03688138339
2.97642401002
2.91620346731
17.4723039274
10.7699138951
14.4172368986
2.59745375397
23.9099833152
10.6488058589
2.72480331373
6.54733999761
7.90837253239
9.11963594518
4.61205925904
0.333933266589
13.7317200832
12.8615633406
2.99415431167
3.04292169579
9.18999372905
-5.71934449749
7.2069369886
10.666280676
9.13024547864
9.4911872931
14.0316133323
11.2991612588
15.583763446
12.738928067
16.1486050859
2.10338135217
16.8376156578
0.165472770268
9.47982740721
24.9273731888
-3.48600582841
-3.89344754055
9.45897034371
10.8765733262
15.5206021962
8.47622777987
-0.0738855265656
11.4709183615
1.10516415878
0.869142861223
5.30028493252
4.32352224646
15.3886054217
15.0214203565
28.1918437984
12.5497541955
0.642754806263
6.20261627923
20.2254485262
139.193666276
10.4734106978
14.1455705931
-2.23887440069
11.2021161086
11.6315949646
15.1412667923
9.53684463609
2.03962914926
40.8849561247
186.708493288
2.99415431167
6.8430324252
15.5441809663
7.00932467484
-1.88287530989
4.06339428787
19.1202143054
-3.09363880334
8.21901994716
5.61525655521
9.18295514986
10.870566427
1.53465084715
26.0884659408
6.39990602835
23.4723468435
5.48689141833
18.2755839515
4.18398956652
8.35786092441
16.2128355102
14.6447708701
14.1507818112
10.7237159225
12.5128247219
9.44423814366
20.0641017165
33.0412098745
7.30307821157
1.02043583134
8.47129394841
18.2381714865
13.5058369596
11.4060888918
12.8616631766
1.82218048057
11.4587367138
3.022055583
14.0366517345
0.0570596394323
18.8561375874
3.81324611696
6.55278820505
8.91917123163
15.5922334143
8.00836517931
5.06210815993
8.91736736826
10.1458281864
2.57575810881
-3.9528781128
-1.80215863234
3.48489431679
19.8694039592
12.7100603938
17.6513350908
21.2390053866
10.3502877192
14.6225218253
1.91670000359
44.0785705855
18.2989213422
7.52997976543
26.2832082834
88.6425411583
10.2725808211
4.51544012506
15.230258303
8.61434199633
16.9066731527
1.87513131067
13.6107476336
5.85118541235
2.13093955912
20.2142614269
2.8544854248
7.04412641893
10.5106086805
13.0197250047
-9.87045028793
3.58632719917
-9.29579252344
3.00069221983
20.2203684147
28.1249328057
18.2069732585
-1.63643401303
-0.361983144602
2.99415431167
13.6545900377
14.8174214898
13.1759189215
6.69769154344
25.5382931237
16.9560921677
-5.44300425279
11.3318689369
30.5043833201
2.54427605384
1.86594008355
16.423897403
6.92042538855
15.0636248484
9.9776883971
4.66687575115
16.89085617
9.33804077244
15.5922334143
5.64291259424
15.5823513903
14.1988959398
6.39593385525
27.5812672062
9.9582595192
15.6665959299
0.618156699983
14.1941803619
-2.36067501758
8.57857451984
7.63857369316
14.5923790349
9.60820934098
4.1449191068
4.95216213399
27.4091242055
8.32936403235
7.3637403109
4.81578864744
8.37242086592
1.44579976944
-1.97197815334
-2.2856446127
9.36095782216
2.79291811976
2.4522638732
17.2678946884
15.6681818821
11.186636988
27.0554530307
2.34511738188
33.7422573473
-2.18662473315
0.101301320491
-5.3394845318
9.6485186482
-0.548804772122
8.84922098715
1.09479696612
19.1354205727
14.8519171159
9.39216981456
15.4650985473
3.93271712939
13.8926447559
13.794329796
2.82595127525
11.022845445
19.017540227
10.0893278167
10.0802442304
16.9066731527
-4.21155541098
23.5574354975
23.5598330672
-0.33862323411
21.1334913209
23.1245121967
11.7591646765
-1.64953406338
5.93905867422
3.99215032833
5.37771102395
-1.73358615394
-0.934189419936
8.49994369491
13.3212429041
-2.54293973075
5.64538062059
12.7074740648
2.38835218456
0.31565530995
30.6200087114
-3.63194973401
2.99415431167
13.3654620445
5.36762328065
-5.30281495281
12.6346874512
4.30847104774
7.84613550718
24.6888950113
17.0530378031
11.0524584249
1.49481359835
35.6154340849
4.73208214878
34.2060028563
9.41820509374
15.6306888397
2.86229502814
7.13119712778
16.9171134707
4.96716461171
11.8928637477
68.2607453294
18.8587956326
4.90753895862
1.8482624463
5.48653162443
12.4396634312
2.70610789293
9.88496565485
9.79578894142
19.8836142828
14.5611307972
10.6488058589
9.40448698538
25.9159352799
7.78905731893
8.91736736826
5.85118541235
6.36364485289
13.1858512813
-0.725753980014
9.24687500903
46.6562341237
8.68138640519
17.5183009186
2.53875052825
16.4688919754
2.43800765487
12.9359293539
12.1671839432
16.4104947183
4.52627106783
17.7136662581
14.8254827088
23.1993193223
2.03675935163
14.5761605116
5.61781041883
8.04027594245
14.2426222361
26.80690762
8.35945168663
2.65442892043
7.96779079629
9.33092948041
12.2797795705
10.2972842503
12.1751709376
29.1629946876
6.56698630335
23.5694400289
-2.20440054236
-3.07455728499
13.0260795474
28.2515134345
31.9738854086
-6.88920805643
-6.01905131381
12.7739269562
6.61259793482
26.1090081119
4.69123018395
2.32150981787
59.7128555625
34.7612993499
5.00184311559
20.7296767902
19.3718395429
1.29269098878
7.3637403109
4.81578864744
9.67624225775
0.76645747093
6.82253001255
2.8160061524
7.90618351673
8.76666616938
5.98047595028
1.54566550978
-7.49845673318
11.2498572898
11.6673479312
0.774551021129
4.02242134685
9.92039388071
3.96893056264
5.39835485793
17.5121442728
19.3459818239
5.08469086179
-3.63194973401
12.7825795839
1.43788341544
17.3970038836
51.665754633
13.5244485781
8.30265053063
8.78334659725
11.9813885535
21.950003921
-0.181486420227
8.47718055397
-3.06398620932
5.8247699068
10.1817880593
11.5632768162
10.377736125
15.2966945319
12.4300754791
4.72623678799
2.6152954212
9.69080747553
-4.50436586039
8.91736736826
2.22335437221
15.0955095796
5.61914575072
3.60242425827
-2.11471213219
1.92111263044
3.58632719917
9.25614802775
8.46991814944
14.9702910326
3.05552162197
7.4941612353
-0.420256229532
1.22227987596
2.33127135677
31.7773199591
6.97929007691
6.2022522409
1.86594008355
3.2631678011
13.0168590898
-1.22042793611
4.07788247336
4.55675688938
14.8174214898
-0.810392463148
11.386576789
2.06626743608
11.42799133
20.8589228
4.06814778193
25.3332065265
46.6476310444
44.9073175592
33.2765980121
0.174431260541
5.30929497387
15.7870440675
6.91671337237
13.8412854916
3.11965199336
8.42285341967
7.13764910038
15.0209385538
9.89224171553
12.0129744672
5.42798511415
3.15878507908
7.13764910038
-2.26402420592
8.93235241074
13.9426968594
13.1541820958
6.49405899279
-0.651539340873
-1.0462075234
3.45807423998
8.30776533833
13.5501976397
3.6242290101
2.80903619832
3.29340570842
0.435522475045
12.4395672284
25.0490962466
1.2848675216
-0.575376609664
10.9087237085
-2.96729308823
23.5694400289
2.89785118939
11.1373622294
2.33722876243
4.52313361534
-0.895466686628
5.04650388461
37.3842585368
-3.08883674617
4.15550036783
2.99415431167
8.67476004447
12.337686363
-2.08429894481
14.8174214898
0.828396769471
1.55812588662
2.03371343612
16.8745412829
-5.99404618353
9.72974194158
-3.46372227673
15.5080918785
1.86594008355
20.2730009787
9.20972596939
4.28875479142
8.57857451984
10.6342226689
2.44813304292
16.6697364247
12.2415494498
-3.83138732552
20.8375860681
2.18001257765
2.24713159882
10.8768981001
6.88899825612
19.8897293714
6.96606583637
30.7895156279
3.31601618842
7.13764910038
3.19183916444
16.3066385828
11.2572477357
46.088150527
31.3289566629
21.517598147
11.8770827039
15.7205581806
2.99415431167
8.05872883199
18.0317130624
11.9064424063
19.9911326461
8.91736736826
13.5608199546
-0.918352433096
0.853060088208
10.6152807724
7.78437840311
4.9816338957
9.05594294495
12.9030221404
9.11199157038
6.94524626563
1.47058782714
16.936914169
4.38249369637
-33.3421706906
-0.689587143022
16.3709194957
1.32321524575
16.1135343248
0.704124157351
17.6177010022
9.17016583048
23.3873710146
23.1196719415
4.57377215727
74.9796635299
29.2217596553
22.3127063261
1.30524415069
-11.1149875681
15.6352147763
0.165206732745
1.44956355423
34.9081011006
-6.00139908594
21.8015823043
11.7471333756
3.92767317499
10.664083216
23.2635123504
10.2055407123
2.81157771465
4.91612282055
14.5490690215
-3.13965862389
4.3366322409
31.708183454
2.03078702997
9.2707045965
21.0077362223
12.1306615516
12.1277356972
7.54229951576
2.42093776974
73.5825755113
27.5621945202
31.472432701
-10.9369546647
11.0443254521
1.73777332912
26.6463376051
0.0942060157171
31.8104507448
15.5256059573
10.1995503428
24.122212423
9.00722798892
27.1605784303
27.3981500445
20.5070572886
30.0451353638
12.8876457844
24.8766809342
9.29449228728
27.9921956275
34.9429113464
12.2005717137
47.8138660049
15.7505554379
-15.8383476032
5.74178497438
21.3022368215
-0.638796250013
31.3503850552
37.2538509206
47.2311454981
31.5491535053
-11.6110224043
1.36209788264
25.108613429
47.2166090677
26.6795215144
33.0270447931
15.2114372152
11.2298773346
18.932894481
32.9473413923
-1.81333597511
31.737825609
-3.89595418143
18.2839661971
10.2831065218
27.6195784712
21.4414363322
35.6156633492
9.34313304214
32.5605832661
31.8890210689
18.2983453855
-2.5576362607
14.2338273726
24.1157342634
29.1999358739
388.790567332
19.0528374337
22.9669297991
29.9531326298
26.4031092761
29.5499540246
96.3137652427
-2.30644875875
27.8295302846
41.5749999306
7.16158202129
4.32356656261
19.9461471729
36.0510239575
29.0871662999
47.2330086265
33.7142473614
20.4520505031
19.8751890469
12.2248861285
29.2070563552
-0.596698354409
34.4637387145
31.8848303129
48.168724557
22.5785415588
26.102810038
28.8530156422
11.4175130773
25.9806324576
6.27620002504
25.2899683228
33.8448069306
10.133948356
16.9721149923
56.8684853882
-1.05344652436
27.096710763
10.9463246957
38.8030796934
23.9828083839
35.146800242
23.9953570797
3.04305549114
46.9674164426
30.8081761942
34.595871063
20.162492723
22.7702762904
27.8189614165
23.1653270764
27.0967952103
31.6471248284
75.6108924755
32.9113172837
37.1413723472
35.5486078256
3.23964931612
27.9907510847
22.1557914872
26.8071784786
53.1950605896
24.2031733202
23.0356442954
7.16158202129
27.9452147364
54.1113281675
60.4594324958
31.215710407
32.3674444698
56.1739240622
15.7748886744
20.1077128299
12.9759272549
23.040655652
11.3350642844
24.251639486
11.3738631643
23.7056218825
20.9187088436
30.2028276752
32.1862655578
30.1830051192
28.7188036155
20.0767202455
6.07224148861
24.7994344951
25.1730814614
67.6019956271
20.0689447225
17.930739687
30.2070917586
34.6198490248
25.980675433
29.0774130413
32.8030033356
7.7114124702
32.1862655578
25.9037172074
32.7124904075
26.3298418743
22.8237137593
25.7559178121
25.8784457956
33.9746512078
-1.21016982106
36.5059992336
23.1080232562
8.53973439202
26.5100016191
4.65869719774
13.9323789971
22.77665505
19.2150843498
31.2665303941
20.3962489253
26.6065762146
30.1413753465
28.6215043274
24.3580364759
-7.5163427028
32.2722453567
12.1357516839
31.9330479812
19.4243179434
10.0517753201
34.191510905
30.6031589989
24.2298305566
27.1191720643
49.6170677891
27.7506085294
-5.12160592824
22.7575442243
9.27872058324
23.4518308147
26.1056680956
11.5564040591
8.72088911013
31.6288239893
19.3529588375
3.47528549336
22.341666741
11.0780832958
8.22128307224
21.4191519683
7.11444421654
3.0865675775
51.1401144997
33.395036006
23.298033183
25.9750048898
35.1500523166
7.33593183894
123.375497764
22.6315333018
18.0867458986
22.5274845513
9.8088143121
54.2057800239
-6.83000670886
4.39412146962
26.8770792437
25.1393903524
22.1609042822
13.9938903505
21.4342618482
10.3901083724
5.47798401671
21.6229889078
28.5726587535
19.6255824565
29.0265277444
15.383072875
16.4225667206
31.3521755388
2.21823485066
12.15494425
25.0563356967
28.4744553626
17.5458472069
-2.54948541247
2.98124900896
-2.46249767724
27.6895257289
24.642947856
27.2307965256
18.8523206275
9.27872058324
24.4336248784
23.3287147572
25.6662402062
25.5373270182
15.1117919466
7.98422640353
21.0659946174
22.095360256
8.45635110514
27.1371422207
23.6951166461
23.4030190317
12.496415474
4.24103553363
14.3892590164
31.3546464356
38.4378964162
32.9155361039
9.25062572281
15.0270472446
29.7882694661
15.0631195012
61.2625436727
29.2821091974
21.0735953415
27.7507516423
18.8482779583
31.7366738831
10.549184883
27.7020489484
48.4518481011
8.22130253051
25.1923302937
16.517167832
10.1584176001
28.7667592317
47.2997405019
30.6570813639
1770.84209924
24.3604018726
15.8152547526
-1.15810704076
21.9435008311
10.8872453188
78.2933847205
-6.93160878652
-2.62860924571
78.2207710636
0.060692144059
29.1157480604
28.9852306294
-0.770202616529
1.10808595721
23.8400903991
0.485233055667
33.902056786
2.75067535664
23.3121539237
-2.9273410924
0.233528412673
-5.77010811729
13.9474349384
17.9752661786
-2.55346057409
22.7756463021
1.7069525858
0.086469922612
1.86825756243
23.35048222
18.0279046567
16.2888705531
24.633818625
0.490895074356
17.5152931945
25.763240443
26.491873118
14.5502002154
28.3388508935
32.1862655578
9.57373585841
-4.73815772545
25.5813283821
11.333748864
4.54757434806
23.0344702527
37.9771286708
3.89570862257
8.84659948498
3.63878717728
20.6282682769
32.1862655578
-2.15037420948
-1.90846255418
31.5783378939
18.5688969859
-3.36795322968
10.8749902993
12.6753080974
-11.7076449487
10.8120134546
36.6545842708
22.0360978601
14.2995768574
8.32982268182
23.8224904137
12.8930347168
22.2548588296
-1.08256253992
2.7766721191
12.4954847476
12.2248861285
30.1087006439
5.46060954683
8.13355211162
-3.67101119967
2.26341842634
24.5532216868
35.31104645
0.611039332771
27.7978190204
-2.66470072608
18.9216368588
61.9717088171
27.5243022179
25.8627160863
24.4658257853
27.4714378865
14.326460563
-0.129360434304
-3.63843134119
15.9789060662
28.8330782072
-1.46562327948
11.2063994383
4.60626039444
3.65961981926
23.609414784
4.81268757327
2.77851323112
5.04062670144
14.0040180002
32.023330559
12.0795053046
1.72691279038
30.5035107092
8.53430514711
32.7546368203
-1.91446800607
28.4137486286
4.77472053617
6.27248306197
3.34553795296
48.5186137243
21.8664003618
20.162492723
15.0631195012
28.7667592317
31.5537242005
33.7008520804
12.068323053
27.5919381101
8.6178333403
21.7193191256
29.2878892398
29.8591824309
3.54230025797
3.27243721785
15.6695364027
5.37546497912
3.52366320439
4.32879565711
-3.47120281391
33.8924475721
23.0356442954
5.43674097384
24.0099704356
29.2778600396
23.1553939167
34.5158173728
3.54230025797
28.8419775093
25.8326152123
14.2567901168
3.06170889345
640.077260958
33.3685456454
6.03627430072
8.14133645662
1.57950123251
33.6342189794
24.9174088499
4.69731500273
9.27872058324
18.5426800259
32.3383045523
8.95929818158
24.3555972504
2.19548890313
3.58410694335
19.9879075269
18.7887477853
4.10007718275
0.437645754407
3.76998212717
-9.33238829835
31.7366738831
0.410449830347
28.6286964164
55.1756513242
30.9920554553
1.0436580939
-0.982246382165
29.6794266505
31.0271861825
20.6805575921
2.00628962477
5.67902941988
7.60895614763
15.6387449791
7.41507683939
-1.33109146333
26.2497158885
-4.33934065308
18.8393304866
4.43780372171
24.1200125055
5.51140690058
12.4010334674
4.42871794411
25.3101118071
9.67807797358
20.0155766805
9.27872058324
4.3366322409
-0.218361025579
9.65523605673
8.04155880336
23.9679648412
31.9752682225
31.7905446572
28.7328571763
29.6703931081
30.8419622148
25.3895973065
46.6588707545
22.3362235626
14.5132999292
46.533331694
17.8967756357
34.2328975541
47.3606640431
28.1459557954
0.0372179982234
33.7827306056
9.35766773509
26.443761838
18.3771240532
642.395715322
-3.70057749362
44.8566794621
30.3942057314
21.2502235842
53.0647195998
13.9147074063
-0.487667127314
20.002357876
3.16691235244
31.2078043326
23.102298554
20.4617853689
28.9748000644
15.9278947533
26.9645779129
30.3795343686
48.1301583539
6.25260009085
21.2966846198
-0.473725913075
25.909728131
20.0499613377
13.4940476511
21.9226912183
31.022616919
16.6552206534
31.1754807888
2.39541264768
32.374897245
3.16691235244
-0.0945773847571
-1.24303617389
2.04759711901
18.9881873972
5.40468434723
12.6698090003
23.8088353534
16.5088910587
26.5063610479
2.7577506965
30.5366666389
14.9363888311
28.8953380907
27.790950719
9.27872058324
19.7872209141
25.6268784204
5.52428517
68.5953874566
11.0386141905
3.26808347832
19.9609105809
14.5848949916
4.16692468115
16.3038836763
34.5505229854
28.9506136573
30.8551690858
-0.503245888744
9.8088143121
19.7794221545
32.2471220632
23.987326852
27.6782250757
9.00224067748
27.6594573211
24.841088205
31.2078043326
23.7814112619
25.3967891536
24.3779537417
15.3234521403
20.9658781414
31.9121098007
7.42000584032
11.7038245617
22.0783147893
24.7426323826
23.9197420444
7.70245418355
20.443049198
22.4347356646
6.02394345312
-0.08961617966
20.2687283412
9.60696958775
27.9406268915
30.2033946511
13.9287887594
25.6633704731
26.4550124202
47.559480206
2.50486004275
20.2665207993
29.1265058039
12.7629783846
57.185501959
16.1306037233
9.27872058324
21.5930046331
23.0047103253
32.966183818
-22.1219216782
5.26086642094
30.6297009384
6.30316848624
22.1717400162
22.0814272062
-1.79845928472
28.5173839633
26.6916676191
12.3223890843
13.5924978699
24.4015967989
23.9783385663
24.0377371648
3.17664952453
27.1458086197
25.3017079503
34.0742925332
26.7543456859
6.5198039169
24.9317975624
32.4539217635
12.9436011906
26.5927584284
30.4223780353
25.7651052709
8.32446222821
17.5141884458
3.16691235244
1.69411812774
32.2345540699
33.8446607833
18.7402218077
49.9898753827
34.0742925332
10.7472564258
46.5748304597
35.2002409456
31.4448014924
0.962070671515
33.3382858793
28.5258711022
0.488189223201
2.23942320983
29.3025618775
26.3804906654
35.9002875442
27.6598780036
-2.09679793754
33.2191209744
22.8472279126
18.2989226472
28.6503953806
33.5314098422
10.0360036161
28.1463033245
1.40823359945
14.7038634907
9.21514978997
26.6009750634
26.7487455326
1.24917021987
33.293340042
25.931996143
23.8271609995
60.396537916
29.1987050639
1.13380170494
-1.71039253667
45.4877417521
31.2078043326
30.4670839847
27.3799495645
4.35984667193
19.7264257133
29.0408995784
23.5445548144
17.5981428689
29.0408995784
27.4492790117
34.697919365
28.0617896796
-2.40610536721
22.0198102151
31.574968481
24.1022485421
30.8935466895
15.8604728767
18.7226842254
35.4244730609
33.3590891074
26.0404465288
17.9984435353
2.72417537165
20.9708486463
23.5717162368
24.6487993513
26.0034585863
4.10605736651
30.6532178044
26.9125020797
15.558350413
17.2504773346
10.5760375396
4.71015367379
3.42165734141
16.9446377405
10.8211853118
28.8027788418
20.1570284596
14.4565011217
24.8970095581
30.8599313614
32.4793555839
23.7069321092
26.1371521779
0.488413350724
16.4432230685
16.9200240894
23.3730913871
24.720849207
21.5156435976
21.7306729547
26.8008764143
31.7931623957
35.0432966585
53.2235020927
30.76571312
24.2494096693
25.5330231981
9.22952595984
20.2378983664
21.9294349132
23.8971484212
27.1652014772
22.3359213407
18.8172656918
27.3712381162
3.94340510329
6.97671285671
8.95929818158
33.4767878133
31.3568711364
20.1668360793
27.9305340863
15.8787608606
15.2244483083
9.15037099078
-9.51398612418
6.78269377267
5.96272273445
28.2280601348
7.33623108709
15.3693550541
25.909728131
23.040655652
27.3591626811
12.093251618
34.091078757
21.6558892055
24.7757043025
23.2558302973
16.6674140079
26.5567096907
6.97383243266
22.2854097763
33.4885475755
25.7242562455
9.75589166183
3.44715948504
32.5770414552
55.9300793288
32.4392029953
30.6031589989
20.4673217779
29.7777723816
16.0613138859
35.0205408955
18.1296028114
23.5255875673
22.3019796963
14.205960668
25.0034566994
27.4078712732
28.5682070331
31.0988171152
25.1088657593
18.519460356
29.4585195798
-0.619818952519
-2.68110169739
28.9137904823
21.6543771143
21.7784029861
17.3569132789
28.7281612373
13.9584751869
29.5318586776
26.6410964064
31.9350500606
-0.175407674058
35.9774618692
10.1008220603
0.384668193194
33.024476795
7.77057053956
29.8362711829
29.4762163988
10.6056066764
26.9989410106
34.1351934331
8.4726554993
26.2686063499
26.7543456859
5.81284119883
12.3466868336
20.6106001083
26.2474142199
47.2488151849
27.3702181792
22.5957632072
26.9316456869
15.3036602356
25.0178659971
31.6565814647
47.1757543057
15.8667834834
29.5705400424
20.9568468748
27.5591114818
22.4242812237
15.68294699
32.0646333136
27.1056557596
24.9563330155
31.3735670324
24.9893990442
23.7042795437
24.433007316
25.9929524881
62.1940449054
37.9440612399
27.8282975148
10.46605904
16.2646000895
33.4987038963
30.1692602147
26.9412655821
