29.4601526566
24.8519909832
16.8404967109
21.8498134602
24.3037958478
41.0294420257
26.5817951615
47.0195087974
22.1938843122
24.280620056
48.3168362165
30.5898142539
21.8085163285
24.5749957683
15.8152547526
24.5379951089
27.5025531344
37.4361437649
20.2075840977
44.7590889127
31.7056807892
24.8128209998
27.0066666302
23.9088100374
27.1094469109
30.5621589316
35.851495845
24.8078992035
15.1247024256
50.032275591
31.8069799895
22.0498618567
-3.19351221021
32.5296846556
31.1978044307
29.5851190184
23.0257376324
25.9133154942
20.002357876
27.6186907859
10.4748062031
15.887467972
12.8225090155
29.9522212299
17.7701947283
49.1742079187
8.68508526244
16.7888116714
29.1787820628
29.6509096958
18.1832038408
29.5099719499
21.5895317641
14.1263129007
23.9001749388
23.7685249903
26.7334796041
28.0414993832
18.0741614985
18.7426754067
26.5892591597
8.21051604221
9.08539362622
-2.60347317404
25.8344184242
20.3248880767
33.5534485655
-4.79329942821
11.8646384658
-0.99204861071
31.2323409258
29.5427701205
24.4394986665
26.7399554844
7.14531228364
37.4894288768
1.87084199544
44.6095356011
26.1074542741
29.646387568
8.73079991002
14.9920974742
25.7947699014
23.273496026
25.531895801
4.34235552557
32.6958207054
24.7994344951
28.7679220613
13.913166956
-0.502231055221
27.3951234748
10.0667187485
-10.9189095245
30.7467598214
27.3367520174
27.1250814935
29.3501838883
16.3272126317
19.3816660394
21.6654024034
60.9833661829
23.3043634302
0.972958273117
32.4122700748
13.3448962866
27.2094661304
24.9251117479
23.3310900501
29.2554263665
1.86594008355
10.283126843
22.264855916
14.9085786218
9.54564029902
26.3732399234
-0.638796250013
31.6771359071
28.807183248
34.7876285239
23.1815652615
50.1274369411
8.28089467401
8.90860060871
27.1038836437
27.4108517314
27.6313860058
9.60495801705
36.3399834505
24.4695012677
23.0356442954
26.0623463495
17.7230439438
27.6928448272
4.03150280349
33.9498212575
17.8522676843
16.7679010713
20.8983508523
25.7674731369
17.8553631744
18.5039659439
18.8222375748
30.0594297988
21.7086288553
46.0299204299
26.4239845665
16.0195118342
23.8224904137
0.435195521923
28.780802085
16.0919677387
24.5122769302
11.4267698169
18.9027429005
23.8224904137
12.3070629085
31.1025792806
48.6573076777
8.86369614905
36.4721719924
29.3823071646
11.4946509546
34.6946627638
23.8153641492
24.7994344951
24.1531319344
22.8309373449
21.3809034605
41.5946571452
20.3239016474
27.2328249276
0.54047160298
27.5691522437
7.56491288094
25.175537627
26.676721949
9.54045819024
31.8483195562
41.6115090984
25.7882393939
22.4347356646
3.63042002903
26.7292987293
32.8854428527
44.463977048
36.4961471861
4.87457922435
5.43006829976
23.2145596687
15.4061890953
21.7360976565
25.5214201986
29.3565464879
30.0573617446
28.1155579609
33.003857419
7.84638095566
14.4235960655
10.0360036161
32.1862655578
9.01907653507
46.6456890203
13.4775147402
13.2023645024
25.909728131
25.0208362275
27.9762083064
27.1038836437
2.10489338068
19.0359145222
31.3575305184
21.2607631411
25.9349792747
16.8892722505
41.9332613153
-2.42183557876
9.60054846754
28.882430878
13.8928183973
21.9541405831
26.9495965191
19.909279361
16.2553433254
42.6088482064
9.45380953365
32.5839146114
23.3953287191
27.6065350419
9.27872058324
14.6804976715
25.6717591578
16.7278361204
20.0199458076
9.27872058324
8.31357020511
24.7837268082
23.3015500634
54.8876863254
8.89313259331
54.0902216762
22.7721870402
16.0292352308
10.541263007
48.8345408192
20.2612904189
27.6248122923
16.36733067
29.4200804406
18.7737010561
21.0128823005
32.9463801326
9.25878325833
20.2783579571
14.8151485163
151.968900192
10.5485230446
25.3178304468
66.7815066031
26.1641274532
19.7324860259
25.2704438353
23.0356442954
7.18656823173
8.041366241
11.1327688007
8.04298908401
1.32064413175
8.37091645886
17.9240919952
30.6485982572
25.8194583173
28.6390152597
32.1917648613
10.8002014364
7.00019705168
3.10780740147
12.8701596877
35.0094454359
22.0324922782
27.8551142756
13.8543563805
0.186024390466
22.3668219897
26.2451929709
32.3710669149
21.5243130717
10.7584466355
28.2998314497
10.0360036161
25.1374626338
22.3629097344
1.9568927297
19.6378607092
27.9762083064
22.2109876463
17.2990698435
26.411242435
22.8495371729
23.158442924
-1.27423868088
29.2134782937
74.8904069598
12.8522926045
37.2353637988
26.6645684202
7.03593675609
12.6349953543
13.3760354768
12.6753080974
23.8224904137
21.8885434197
24.3827865762
43.0700098329
25.7911681658
22.4635222307
18.6623232092
17.5269420822
14.0320714658
39.3724410482
23.9550364207
28.6885459272
15.8088100362
25.2482801509
28.1496489089
23.499906467
31.5252525092
27.8560504054
25.6706974813
17.7115599157
24.7994344951
29.5939911322
27.1196087336
25.0699667165
23.8224904137
38.2055403641
-2.97397642687
27.4836050539
35.9174151057
26.5961083705
38.0363812632
54.1593002045
27.6828896349
15.8787608606
21.1168778206
40.5494493521
25.6671855031
12.4961558377
33.4798196238
9.25539708515
3.51105876791
22.7131442301
26.4358374283
18.2446244722
24.1670416321
26.6657115435
23.5092341375
0.511085176361
32.0966904493
10.3442892059
19.9608131512
36.2435364991
24.8660887537
23.0003337409
33.7927443125
28.3407733301
11.6707626627
28.5279536759
62.345295075
14.7612464663
25.7766352606
20.2851894109
35.6651447344
31.9476153044
18.5114375463
36.1280216046
38.1798514891
9.27872058324
22.9870181012
1.13380170494
15.2833248672
26.2541384826
18.6736595855
13.2913256647
19.415168578
35.7447619
21.1243981836
24.4626990417
29.6509096958
11.9796041696
106.369553764
26.7651063729
10.8412575042
17.4932208634
3.90752911035
19.5134697486
20.8576248372
25.6992466545
29.5011702278
45.9289483165
20.1470350341
18.0586686389
16.5608560934
20.4123302136
22.1445492723
17.153333606
44.116616591
25.3592313207
13.9213880319
58.9734426138
23.9782413489
38.478152476
18.9636392627
14.035086526
23.0844769921
17.386897682
23.0356442954
3.96518055573
41.9332613153
7.22106236134
9.05309624732
11.0219436304
21.9791050962
10.3442892059
12.8930347168
31.2786460608
31.0538383578
0.235995256953
20.3442826837
10.3612525105
4.47419468714
49.7598753604
10.2537390176
-5.67409304565
13.5788456147
24.0400609795
4.74317184973
41.7704799403
0.639942259303
24.844636906
23.5717162368
49.6513438778
27.7835674024
19.5667107975
31.6689268882
23.152482595
9.34195634081
37.2511196011
23.0744044316
5.69734741917
13.2519910848
7.89052631347
17.7115599157
24.9890896143
12.0838358785
10.0360036161
20.5901227912
17.0928657859
29.3476304828
9.76471450718
19.6737828713
8.38062881896
19.1157221136
16.6347264931
5.86810591074
32.0695797244
21.3975006317
26.8594607247
30.1693017492
31.2657058923
30.3268656948
27.5462194412
8.2432093194
17.7895481658
35.0909386198
17.8916660503
31.1075157979
32.1230151059
7.79795558822
17.542957695
1.21868579946
24.2392839202
22.2882606088
13.8195455235
1709.79660754
25.6234673261
9.33072463093
11.5312346492
26.7902809449
9.85007038309
10.2389027432
4.37216020405
22.533867545
17.8991303628
23.7088308837
13.5788456147
-1.76573637044
24.2373096323
23.1890435606
7.57808871136
8.05985824712
20.6487758207
22.7225639796
0.871003519017
23.0356442954
-27.0098008784
34.3829338408
27.7033234506
17.0901547005
19.7999633402
14.2218457384
10.0360036161
11.3031252548
22.9303203756
9.59409966693
22.5700412417
26.168109863
30.3206249048
16.1778493289
26.6657115435
45.0661649764
18.2876077546
34.6247604882
21.8365303841
31.6285424315
14.6572504128
15.3036602356
23.0489797766
0.47898623397
8.89313259331
23.0356442954
30.3663184175
24.2483772243
28.0690380724
23.0356442954
35.9522955718
13.0342042745
6.78051197688
6.78051197688
25.3509718607
16.8635844613
26.667290708
30.1747793333
26.0450400178
78.2933847205
22.1081551527
22.2521952069
24.6971589254
23.1230309873
18.1697794666
3.74111145931
21.5243130717
40.1546398533
13.8156111481
17.5802406483
25.9998018305
25.9998018305
12.0658640007
0.376518672097
18.8954385624
22.3104141103
26.443821143
23.6792539564
7.95143590708
9.05473205694
23.0094782397
10.4219439816
23.0356442954
15.3582326598
26.0361806332
20.158126859
7.18962526048
-0.827840635428
23.380776181
20.7255116477
12.4817093717
34.2994636355
17.7468520191
16.8635844613
22.6084826007
13.9676545794
11.0273521467
27.7547768586
24.3911211003
11.5666244614
25.9177947859
24.0836321055
-1.68451759522
8.98108204185
19.2602458138
-1.5248999036
28.3550787231
29.3279171018
26.7206115463
7.10485365615
26.8754369892
32.0592861828
11.6783752659
26.6647838642
37.4703074689
22.7230711917
11.8575502116
17.8991303628
19.8079478348
10.2719959985
22.9878704929
21.6119272731
19.7958168835
21.0034213543
29.447493327
25.1151173756
24.5114979099
15.0149419033
50.8574086865
23.7343698361
7.01809179838
26.749912019
20.8682556313
15.8881008451
27.1207523038
38.710192463
6.04180257154
3.33997460533
22.0885051025
32.8915714993
15.9477355398
11.3217451309
23.1920270937
18.001624224
11.3549591455
23.9068345467
21.9120297652
16.392401537
46.1044829562
26.6474777993
53.5508274331
9.01150763945
24.667741089
33.5629910691
15.0631195012
17.8963170542
24.3754115911
25.3991754757
33.639302499
24.7994344951
20.9323304346
8.20489329634
14.2546311318
32.7702181477
58.6729185019
10.9770772804
4.0697179633
13.069923879
33.7482038783
31.6855551261
11.0832084255
6.20515814879
-2.95501883713
4.82757994408
25.909728131
15.4394650477
22.1557914872
-3.67103467339
13.7609583015
29.675274865
31.2443831847
28.5996626269
21.120855628
26.5979310737
47.9005645891
28.0112868994
39.017747708
22.9699953674
19.8104271916
7.59560946235
45.3132081778
14.5293925829
37.1413723472
25.5452825408
9.37433024459
23.361773527
49.1266148457
8.48825199746
21.7458537104
8.96917393123
17.8805511009
5.1352389405
24.9779467686
7.62270896027
47.828036857
31.5345142354
19.0182359546
48.854301891
28.7213067932
13.751101102
21.6166755061
24.7217820685
21.8377631085
32.0814052654
12.3223890843
14.2338273726
17.871973004
52.7335860633
24.2583715044
1.22777586088
20.7082419303
4.40212505865
6.37185154574
34.6959038033
6.66951098475
33.8922509565
20.1428149666
24.1116386368
27.2597004418
21.6954211149
19.6354519137
17.425588868
21.3555478955
19.2539230631
20.1428149666
20.1428149666
12.8930347168
25.6737300909
23.0356442954
31.3074375998
3.46229220523
23.3233787676
20.7789936308
18.9598879418
16.752733202
32.7350167885
32.6546024312
13.9636148634
7.73612730369
17.8991303628
18.4151216633
20.4645029901
21.0042820758
25.6307257925
27.8560504054
43.2054255288
20.2837751818
8.4242847082
39.7496271652
15.7998349654
25.0979217559
41.0330402152
27.1327909721
16.8228396722
31.0998381309
18.240699665
17.8991303628
29.1885097669
23.0363530395
17.09057955
29.6609442365
25.7497189081
21.8547826302
20.3899973007
22.5941277012
33.1825315329
32.0334627019
9.34480913314
26.5744071618
23.351599495
23.4965340515
26.5098441953
8.84135369515
43.4576643695
46.4442264777
44.4392147778
24.4230230771
23.8759260108
20.5193304401
32.8594521462
16.0386720731
31.3677892963
20.8160015549
35.5511350544
17.8991303628
22.859577241
33.3395421601
35.9146685762
-4.68886869195
23.7686466575
18.379382461
7.18142945379
23.3594078574
26.2794324262
24.0874054174
20.6551290649
20.8245015239
17.9783074078
23.0802842884
20.2837751818
11.7471333756
35.0339361267
18.8827373247
6.26657716405
24.0487406749
27.2756199944
-0.672399987113
19.6515218207
15.9257233136
23.0356442954
17.4081019528
22.6243989466
19.1031628915
22.2173441572
17.8701973944
-1.80188810714
25.5950722805
34.8017823297
16.1481267383
12.3001413358
21.8948613977
23.0356442954
16.9599053022
11.3074218036
30.1896710982
-1.66303217152
18.001624224
26.978486994
11.1471276542
25.8106485232
49.3370537289
21.0692828525
-1.34704909957
19.9836372063
29.8497034939
19.4555968535
11.7717330091
14.6141075963
11.3605931532
48.270894021
22.5848250803
8.55666856399
12.8843851072
16.3359126294
7.95049052181
15.367018963
35.7796372394
14.8445369052
10.7096947874
22.8675167083
11.4154469192
38.500594216
9.62742519084
26.8331452711
18.4829026948
70.034113121
19.9732640741
19.9872060119
45.4915615534
14.4151909984
32.3223205292
24.7983723238
20.5193304401
25.3196691743
31.1374208528
26.9019321341
20.0848747017
40.8696799719
12.686972856
29.0791756841
10.3345789156
32.6681599027
30.6882704018
19.7117341196
28.4371250687
14.1652975623
14.423384875
18.2387512093
23.36485341
11.6651307893
25.5519976064
16.517167832
13.6770742755
23.3475716106
27.6270970483
23.9105425916
22.7422646432
26.7075142317
30.1941435528
12.0360789619
20.4389699314
18.9428195295
6.9253414597
13.7502190341
22.6669589392
23.5208400514
10.2012373081
26.8951526602
35.8942233293
16.9460256712
28.1433770622
20.1428149666
52.5363667331
18.1030542046
33.0148163476
28.2925074083
248.59416631
33.8236296735
28.578250165
20.1428149666
32.1862655578
7.36276709255
65.9931609362
31.8005586364
26.0325583347
46.6680787816
11.5755858236
-5.16908665791
20.0771660386
70.0070660127
11.3106572205
72.42183907
28.4942692957
27.803758303
30.081728281
8.84929060108
26.9126008242
9.95190717156
2.34475657204
32.5878050266
11.4217168803
33.8699899258
50.0281400807
14.7526198023
23.8224904137
20.6944953484
28.9743732689
30.1589188564
72.3772526689
20.9658781414
20.8636859448
14.7043720784
20.7523888687
28.4638062019
25.7159008096
24.3322031218
13.2101594531
28.7782812526
10.0840907029
17.09057955
68.0580027591
37.4776690608
21.4060767538
19.2891451022
11.4828758246
48.1500060914
0.303020271969
18.7520108332
66.6317214257
-1.48812726414
24.9688745366
35.5611415998
10.0360036161
-0.213157533445
1.11608076226
5.49775680527
25.8634560976
25.4552841281
405.916440215
21.7387913652
12.0596635703
68.3556112812
7.70245418355
6.9253414597
70.9226854717
14.4794888828
21.8665029022
9.96136747319
55.9784490807
-3.49976997095
70.3139601863
11.2298773346
33.5824169254
20.0230416807
22.1094896628
26.74901611
17.3407855763
23.0092990069
15.5133497467
17.2782275199
44.2996424136
23.0356442954
20.7598992775
9.38274762334
0.450760144378
32.1862655578
36.0124534318
20.8906699515
22.7070633309
37.1567359446
24.2583715044
25.3024205587
21.3966599344
13.8401720037
32.1044305319
3.36014662689
27.8142221004
71.9507585491
26.8835617343
24.2155090398
24.903793575
-9.6242564547
20.2006512077
19.0232813884
23.0356442954
9.34423520291
68.853143106
15.0546594645
69.1278767784
35.1353288812
33.7349608795
26.3540652235
72.3547227123
16.0273497609
71.9224812567
23.6399108204
19.9729272462
69.4662303274
19.0351387923
18.8482129169
29.560055966
18.001624224
-3.41661979933
28.256462761
70.3324791347
27.4354910549
22.9261658651
33.6723860946
30.0329384604
26.2225845773
30.2369503023
9.42344902192
52.2524878702
26.2525814987
27.7471728694
36.0562207562
16.5140189136
32.1862655578
20.0784487687
26.0532693806
19.796401528
64.8242700119
79.6249157853
20.1259760794
26.6674187631
5.72834895246
20.2101976219
13.3760354768
20.0814874565
23.0433718322
25.486261458
68.5125327228
-3.39818724939
9.54933605965
27.1629656754
387.595742448
19.3659160829
11.0190726132
27.5711958668
33.9948779498
34.5030941054
10.4770525147
76.3028199253
39.5027725139
74.3315997493
-5.18408912763
26.0604966832
3.80518634323
72.4336110581
18.9642841936
37.9675606144
31.5316567191
32.3546139512
29.258538762
7.29359511817
12.1357516839
3.45896493289
19.2891451022
23.0356442954
12.9348576715
28.2635866552
28.3310394887
8.89478100669
35.0432966585
12.1661150116
17.3306626941
41.388206472
27.6564655958
33.0128307856
30.1583517946
17.8991303628
6.94331240447
35.2577047967
27.3249325414
4.86716422923
29.5905107048
10.7266740048
9.78237256038
29.7438990678
32.8478075972
-6.52563211185
36.3780038577
9.28812841414
26.2056907126
33.8753129728
24.3645404009
52.4600029869
37.8620240828
12.5867549609
14.4155376204
15.4855903936
33.1832162733
32.3980924988
23.7377819947
7.19255621904
-3.71417046628
6.01065051936
13.2226399009
23.629822519
41.9665088035
20.7112550691
40.530356918
31.9069647966
32.8882414114
9.96854561258
38.590278674
33.6531386419
14.0612362648
48.6748123103
12.9874189454
29.7784382602
23.7851218756
38.0717906529
25.892675396
4.16480981192
8.25420194995
19.3566431837
32.400673696
27.6564655958
28.8756541425
49.5081062151
47.4008611821
29.0882236123
9.27872058324
12.6534826648
12.9275388898
32.8663636396
19.411636675
24.6751009748
22.9998460673
17.8991303628
8.59000385059
27.115402605
13.3693247074
25.8452826979
31.8922294847
45.3187295123
32.9098018853
15.7600248541
36.1175346171
1.79385772918
28.1690684895
22.7769347333
26.3386287783
2.21823485066
3.38763660432
31.0112928823
7.6279031164
1.37345421495
38.5236693548
16.2561053706
41.0463555794
13.5418637107
22.4567553541
33.1215606445
31.5316567191
-0.385319195964
20.5040012006
30.38625147
16.9212171384
35.7230773177
15.3966807644
36.9839295721
20.0226268233
20.0295701011
27.6564655958
9.85165890091
12.635922755
14.4339194653
18.5867498029
-0.823427796941
9.6541677039
28.5870563162
13.8135657558
31.3694443311
32.2360837338
26.3937936548
21.5430338496
25.1704286083
34.3719145409
27.8950628287
77.5583082919
21.7413079691
31.6288239893
72.8640971134
33.0961974392
0.25401539061
19.2407174024
19.9486498039
33.4047565024
37.638420882
17.4654216352
21.379537524
26.9463829271
29.1451995552
24.7994344951
27.7728468829
13.2723276845
26.1611310586
47.7720135497
22.4567553541
40.563831304
11.5380460317
15.3097699716
33.9606260284
71.1310874868
10.4114507367
31.3044912764
29.6509096958
8.89313259331
28.7896209663
16.427232814
8.95929818158
22.7366168494
40.2373835227
5.84564895376
21.2435991177
13.7351668251
23.9977437877
38.6146236678
18.815698951
15.1757487109
20.5935617362
28.7575754186
24.9746878691
24.4930942868
14.4155376204
19.6857038653
5.66213693221
14.8052049563
17.1925918621
9.67234406457
28.7908377092
29.7329850511
30.1786390233
15.2975666347
16.821876923
19.7874671815
20.1428149666
33.2162828443
14.4735879294
9.87414390288
17.3856703975
22.3775112567
32.497186983
37.7277452772
25.0198454594
20.5434419885
30.3410655391
8.76358238722
12.0258447574
43.498426458
21.2435991177
17.0957519693
27.2392918953
27.1332323715
18.9179694356
74.1714867943
6.73730285903
20.7450523311
9.73526443877
21.5830317188
16.9949186925
9.72747462196
26.3405016482
34.1336975788
26.936134895
18.2930206199
21.4480504645
14.8990335626
10006.0368261
26.8133620074
23.7965622135
35.0909386198
26.0177577802
21.2543358588
17.8037001675
10.4391517067
2.46103793315
24.0342107438
19.5697663709
38.2604646752
29.7584778869
14.1334675339
21.6248016181
29.9220009383
36.0418712364
24.1054488944
8.60022326011
20.4812849866
25.2502190747
36.5784792192
17.3082606873
22.6315333018
31.6822763863
9.34480913314
20.6852260616
18.6692981746
15.157407888
38.3058653464
17.9201506019
33.2962955533
17.8162333625
25.4804986303
17.8991303628
24.4658257853
46.0370297443
25.3546532675
17.7431877465
55.3979864426
48.2265527246
11.7522885765
16.3205596537
28.1421553487
50.5791204272
37.3138050487
15.1716652743
24.1444117996
23.0369859762
8.81880589432
23.3451250561
16.2299517422
8.69322756611
20.4869641389
52.3883875084
22.1999746268
19.0150896752
9.46207906802
-3.66455275924
8.66587651538
7.27562778597
24.0380834907
9.27872058324
15.1021815765
42.7204748524
9.25083258483
11.7021069966
19.5353389225
20.162492723
23.0584775554
20.5880514616
11.218836167
15.6695648179
41.1656559931
15.9289483072
26.1659928907
23.7320958217
70.0070660127
22.5923861498
27.2912908142
29.0098724195
11.8896151264
11.6652722414
24.3685226694
25.350339779
-1.77707690999
-9.69601872081
16.1721344354
16.1803686014
24.4320647335
44.9207406301
8.33111406635
33.3260416066
21.2435991177
22.6805089757
9.85763245704
48.894060845
18.5843223974
10.5730263923
9.92738181827
8.73698869851
36.1997738976
18.6271230664
28.7896209663
36.2235118438
25.2704438353
23.7133787184
28.3929557816
39.1391478677
11.0889598014
17.5634505523
22.2995848505
67.3567018053
29.5041296756
30.7692590823
25.9998018305
25.9998018305
3.11777403793
8.17100932567
33.2566538314
21.6154420685
30.4509143476
34.9429113464
22.4567553541
85.9598834694
21.2532652121
11.9199929118
27.3833702501
16.9251758658
36.3229170668
23.8250485641
36.9539263399
14.0153486892
21.7638751269
17.3156755766
30.8525978483
0.603325475889
14.4778586953
3.83613364825
32.9070235586
17.3156755766
-3.12419336237
15.9435487899
26.8733433298
17.4541504664
21.5211280244
30.3825802486
3.87522116153
8.62434051826
20.6789806617
18.427425307
22.806708445
41.3984019626
18.4628870601
16.1169823063
20.00255564
23.7408101359
129.250718272
24.8848303022
20.4052054523
36.7098349953
27.6163278368
20.5597370934
30.7452236298
12.2309876509
32.3955955604
32.399459832
26.1412854369
20.4052054523
20.1428149666
31.5316567191
57.2425598425
17.9880106887
1.84278773001
27.1350041777
24.9746878691
27.1567949367
29.4428860333
24.3795425712
19.6718317393
46.0013724452
22.444268261
26.2154631019
16.7386699043
23.0356442954
18.5103016169
70.2351561545
58.2531818136
30.030606057
22.7195797924
7.68027914664
29.6731184753
26.8343501889
11.7883588287
8.03362416487
22.5201175173
25.884389775
32.17564829
17.4373033151
72.7899950785
60.8080207376
16.997887923
17.4783797947
11.188972376
25.2524416151
22.652453212
38.101365731
10.6612989593
7.9970939351
23.2467007083
9.27872058324
20.1428149666
22.908430656
45.3336411585
46.2844203036
19.8751890469
24.3415095938
24.1244973239
3.15836899716
24.6569458319
14.1026579214
48.1418761082
32.400673696
21.1805825644
49.7858636786
36.9330165416
21.5027334192
24.8826277018
10.4318481953
19.0411571559
37.5899611898
9.7280328976
28.8594621737
19.8751890469
35.0922920671
9.27872058324
25.8284181336
13.9081334915
21.5243130717
20.1428149666
20.1428149666
20.3588292275
8.21361149933
20.2686483983
0.848363353419
26.2652629737
23.9294408558
34.2649937773
25.1865408027
19.2629099472
18.4322308609
29.2395656104
33.8065687334
34.6459422983
31.799261578
24.3932689375
17.4783797947
24.1309310346
35.0959579422
23.1743016798
35.8048537999
11.0521270131
27.5723557795
13.949403033
27.434818952
25.9470106668
21.6967962919
7.80163992826
26.340562791
25.8696918733
12.3801540899
22.7977030435
38.3906290073
14.0612362648
34.9103119414
21.2192256729
25.9998018305
31.5837208055
34.724262459
28.5513598143
33.4964477098
26.4957951194
35.9715932837
35.2822459181
20.5349788397
25.008307999
16.0986472494
16.1883711439
3.34848005398
15.942033165
34.9820821309
6.71682051871
10.0481766816
20.3180683406
33.3526499544
12.0541644694
8.57484846173
39.8194261805
35.2770446981
145.657211092
10.219709945
28.3858835767
22.7258275926
15.1191904114
8.78624106442
23.7851218756
12.6754316183
25.9731050649
27.4281326089
24.8320266371
31.2737644565
40.7920381454
36.2294994226
20.5504832303
21.0992522936
16.2534438456
48.8991591411
1.80794147598
49.3076171806
22.7827015483
37.887517031
32.3955955604
22.5841907184
20.6655343576
21.9047082947
25.6358488509
8.750507545
28.2890092128
25.4021086964
356.888762779
22.6160643012
19.0501536758
28.9188936505
20.1114196829
36.4538655867
8.25788520009
7.34558416811
22.6315333018
-2.25370562479
16.9511925894
21.1572445182
20.1428149666
33.9887357769
18.1729144709
31.1317046762
5.84291886398
23.7532373632
16.1509677031
37.6685987959
28.7962847752
61.1917960285
52.5581393036
23.0356442954
24.3697716312
31.5316567191
25.5404942575
16.7481405061
12.0418951027
23.7851218756
29.9861767203
19.8751890469
27.5955367155
3.80543237886
15.9457986228
49.5081062151
39.5927086097
39.5027725139
31.4234648213
11.0124081081
34.0742925332
22.9753817476
9.80864412466
20.1428149666
2.86189730279
19.3741478818
19.4644973924
17.7055294741
6.03552854629
20.2015157463
17.6559462061
18.1702795943
29.9026303476
72.926183439
71.7291240478
27.1122464763
31.6970689564
41.3646227888
28.9298537335
17.1517085616
23.0356442954
48.6825948863
34.9203633198
19.3966746371
15.968162193
15.1757487109
40.217834956
26.5797298305
23.2483623344
20.8361276013
21.2231705517
22.0196498335
23.2309498936
714.458592485
21.0077362223
29.9570897657
50.2884842675
17.572088223
17.7189261215
20.9674123573
61.7735735641
49.0497490381
22.9923431472
23.7851218756
26.7506027655
31.2921329651
39.9121006627
12.1612014925
36.9109021528
23.8905757359
61.8333786246
14.4865242862
24.8549298585
7.09313774409
20.162492723
21.5782155796
27.5557375847
27.5197842998
20.1729234449
29.2932399759
27.3335440887
8.21668630982
24.2600073237
26.4541802945
29.2614906114
3.87522116153
13.800563073
3.23354977277
32.0125890508
30.4901895584
21.2231705517
21.9376332814
32.2328138143
8.51436070136
-4.94067966001
31.9507716734
31.7364034434
9.27872058324
23.7209905083
11.0124081081
39.9139308124
54.8681857819
30.5969509947
4.7439783002
30.5366666389
36.0149878295
25.9697751713
13.1713539967
31.8242955769
26.3616396057
15.7459586112
21.0459344003
9.89063351492
33.9366931049
11.409787779
16.6256050764
10.0819793523
11.7603045633
25.5526773134
14.3643017722
12.9909095905
25.2704438353
11.3371893548
22.6637831341
42.24457988
32.543265279
9.27554165628
20.1428149666
25.646135615
51.3033654271
13.9650297833
24.7994344951
46.0351111177
22.0503729102
21.7086288553
13.6598173798
24.2606470144
29.587134014
46.0499357961
20.9222093508
39.2208859814
14.5293925829
17.8991303628
22.3901215838
-0.638796250013
42.6299022218
11.4124961034
15.2410955629
70.7323476596
25.0915641202
27.8079538766
16.3813441271
28.7014924737
3.77845974578
20.6673257725
11.7021069966
6.15692032728
20.8534460377
25.2625188036
33.1071914375
33.7188675272
30.788143666
33.3414356104
0.708976792997
21.7850776667
33.7546825954
30.5888822372
32.2083694474
-3.05423882986
18.0981266636
19.2891451022
23.7211441888
13.9906692096
19.1841328521
28.5754617716
18.4317017618
23.8693895572
17.8991303628
47.291372538
21.6967962919
1.61480429119
16.3813441271
27.2580324146
14.2546311318
23.4475961374
26.9696716316
40.4084867278
30.2812334937
4.98075175843
17.6870902621
20.5563617228
32.2941920162
16.3813441271
15.2422163056
6.72577560769
-1.64768619156
33.1998239969
9.37422653039
26.7127335513
5.75606535156
33.6022547304
35.5283709903
17.0104818268
30.8330179029
32.8515889077
2.17214608633
5.31362473763
27.7498649401
34.0540194429
14.9754740349
23.0008474274
6.49489005702
17.722679543
31.6261535074
21.9337427327
24.4689666872
15.8667834834
12.4044091602
40.8560296711
27.5970936949
26.72221323
29.1878633782
25.6587643931
19.1405311933
74.4338733155
3.2953912722
33.8486271175
7.57521325041
16.3813441271
20.3083257482
15.2257093659
30.2661567648
14.0984916488
15.6424216143
19.3219936183
25.2013473452
5.69734741917
12.8930347168
23.0087033975
23.0356442954
32.3387842264
15.4984438842
32.2328138143
25.9300617982
-5.20747267215
0.784653584962
11.218836167
27.6093874425
45.2230255708
13.2457406726
31.7797764224
28.7611749668
7.4284140343
18.2736098492
17.9035847492
1.08884211772
48.2617733764
32.2356133551
24.8155037861
17.5295640692
-17.9153225039
14.1879839606
26.254504675
19.0558083616
19.7924677144
30.0450358414
16.0887228861
48.2617733764
24.7994344951
21.8948613977
18.9900963259
8.33811812378
51.4065355831
28.7431054339
19.8617740046
28.9488591873
25.0695452493
9.27872058324
32.3928259527
6.15692032728
9.01395142795
23.6643297833
15.3872836827
13.0125174138
8.38637628203
30.7452236298
9.68351411172
-10.4534604153
39.4652740088
-44.8328191585
-2.40516259022
26.5541539144
30.0520668526
16.4675277508
11.1078803771
24.276300434
15.6662739664
12.1640101958
20.1306963338
30.5532318708
25.6643571053
32.8359302545
31.4490694256
40.3114824509
22.1577009576
22.5264040703
4.58905446721
20.9315895402
33.1173963286
20.1962023523
30.368269196
16.4970530601
17.0645133257
14.0335609902
21.1385979628
16.5537249162
27.7145900055
28.0249307255
10.4914535122
50.4718387436
9.29164100853
2.84759181624
28.0587333737
5.87656980011
9.8979970061
9.60277598954
23.7532373632
13.9299649206
13.2915718286
28.4748091191
19.6601199596
11.9972920587
10.9472378034
25.0944553081
62.6369980332
20.1428149666
12.818647671
30.9297258556
26.1279225477
22.3517822711
11.44576146
18.1216876717
14.2570859242
18.5368017261
23.2206085415
13.4363307769
22.1445492723
13.7075108956
57.0933979178
23.0356442954
39.0786607953
16.1253847676
18.7475927066
30.6156252937
9.23496098026
41.2662241783
23.6084768476
0.376518672097
6.600180565
20.7071930175
22.6084826007
18.707276553
23.0356442954
36.2235118438
26.0770801142
17.3651104329
34.4933644116
5.94135838847
11.4149708246
12.0234056369
18.3150707524
24.6157067611
22.5603384462
18.0512373009
10.2320229837
17.9034373634
28.5517615746
35.094613815
9.4223919669
32.6196011964
21.073955393
28.5183737604
24.9533949642
12.0234056369
34.6521846643
19.9696240764
25.8521474383
18.4028186084
15.2410955629
19.0372998436
34.6987421283
32.2083694474
24.1415304442
-5.59385717476
32.114290771
6.15692032728
19.6489037267
19.5223123492
20.1007919063
-5.59385717476
34.2276821674
55.2535727764
16.9251758658
18.790342851
13.7218980488
11.3472383566
21.772147231
28.7165904542
31.8607052669
11.4973130966
23.4423947925
15.9983785958
19.422270264
46.0370297443
19.1578144532
24.4110167996
11.9972920587
21.9651062416
7.92848830371
11.6890209032
15.7663132188
15.3155180013
18.8482779583
44.3732568552
18.6482806163
19.818301114
11.6753363586
12.5872112757
18.5515487748
49.4745063053
17.0365086158
61.1728402872
1.80693164421
27.7599051853
-0.0795686325294
18.3300027676
46.1767400699
49.3668266431
1.773957414
8.35640497583
7.94621350953
30.2255506246
16.1338778579
26.6044462998
31.5186573027
18.8909823725
-2.28064056584
25.5452825408
18.4799625758
16.998003825
22.0248228725
32.2328138143
20.3787076567
24.2583715044
42.6703485132
47.3823087094
21.5936312471
14.7028994472
14.6572504128
12.6859056366
25.0140758166
28.8723434159
-1.48644636124
