27.6814119036
17.9563075969
27.5359115931
13.2975782223
19.9422293433
18.9058968316
9.27872058324
10.9892469654
30.829763677
50.0281400807
27.795997488
19.9024891787
24.4352056607
28.6948880803
21.198398314
34.4167905408
25.9910198979
33.314317886
13.7625808143
27.0633532652
28.7729843789
16.01792871
24.0535572235
11.3386011372
35.1144945629
28.7213067932
12.0234056369
26.5527087651
19.0382799225
11.8108520769
18.6342755298
15.6503844931
26.4837211343
11.4572543608
21.5782155796
13.032360662
28.6687805385
32.1862655578
18.8095497244
26.9110852552
15.2410955629
29.904272679
10.8804342945
13.4434901211
16.01792871
33.230912673
30.9376485923
10.6159627709
32.3616694994
16.6844483376
43.4993296781
29.779553887
42.3608827021
6.15692032728
47.4535930843
20.9777843783
33.219568705
26.9109409653
32.6738557609
21.5764726178
37.0044541002
30.877736899
23.3234419594
206.517304134
26.8255517033
22.5516266826
28.7213067932
13.9307349366
9.14573663183
21.5764726178
27.4437085001
23.0342539369
9.73877308346
35.1654399186
19.4367958088
30.7009928059
36.8099482306
27.0470853863
9.90301966468
29.2431178496
28.7584067622
4.38195165192
50.6762198051
20.1492801154
17.7728432933
95.1272669585
12.8943534558
34.5668023624
25.787422238
25.5542802765
-2.25370562479
34.1588788208
20.2687092056
21.576832649
25.1105600206
23.0356442954
10.9768276423
74.4996166126
17.7658764646
9.76990770339
9.14869353662
16.5430952287
19.0807271311
30.1692602147
23.8866089062
20.7071930175
9.4943706775
20.3171696111
6.9253414597
12.6950971146
21.8644773152
22.7842481319
19.561428217
53.1396718083
34.091078757
11.8733583432
19.5554186984
23.9387319629
39.1090481853
32.1862655578
22.1751548848
-2.01151014436
41.9332613153
15.5062288584
57.5788383039
29.1916180216
14.8554721874
6.52815379041
8.42610539384
25.8115236247
26.9265293922
19.1499620637
30.4032344006
15.9696468216
20.133594588
31.9206440298
25.3109691209
11.2593058338
23.1743016798
21.1717276129
13.0080198685
23.9387319629
16.3813441271
0.847712265493
16.1331365635
40.0477354217
34.6882264131
24.0209539527
14.0153480502
23.4533927705
51.609565163
18.4975457208
28.8978368783
22.8290502105
19.5216840218
17.7511903839
26.9097032043
29.859216749
33.940949076
25.0402236334
11.2115846468
-2.61969718097
24.3938488649
19.575398249
28.6594495768
20.7438088624
8.750507545
27.9001376202
34.9909267144
25.6942818233
66.9783440252
15.9983785958
23.3900031947
27.1467161746
7.0304313537
17.691953754
25.0900492586
30.6611972665
39.991500746
34.1921312339
24.7663394386
17.927921765
14.9249851261
33.6972026876
34.6518834384
34.8714323915
24.2128900017
29.3230002528
-0.251796084423
2931.66278988
12.1529532545
32.8735084449
3.92990180047
35.624927636
22.5316127445
9.33462729124
24.2823999336
0.960213126007
32.3728624078
14.8554721874
27.7194723946
32.2332273767
19.8799940034
10.4933503233
18.1995060602
6.56820901704
20.2456665001
17.6154841181
13.5618537929
26.2549730524
50.6915491915
4.85184006629
37.9439723601
25.0703629061
9.29628937928
23.4392051428
13.921153169
34.0489529323
28.8883083237
26.0707135556
20.7071930175
38.500594216
19.8803591265
31.759692343
33.7878469041
29.0281003296
13.9289301177
19.8799940034
71.8674114971
45.313481635
21.7081337131
18.1146716632
3.23864690771
27.3234597428
20.8979062884
33.9595640237
16.9573488774
12.1728889196
16.6434562495
31.6006906877
23.4874062807
36.213844787
6.37141756956
40.2140209373
30.3008010215
14.8554721874
22.3401962283
21.1611557799
10.0973030571
24.372252136
12.8463833914
24.18645856
30.7224194547
19.4367958088
17.8268431705
29.14843006
36.0313978982
25.7002159425
0.117344007231
49.5062730895
32.7623215188
15.0355987993
27.518731599
18.6074614508
26.0282896259
33.7465152172
27.5778458188
17.4796251649
34.6518834384
29.6439643534
26.186810317
22.6056700322
7.03761539011
24.5306538597
27.7734611992
18.2549011907
26.9687348483
17.1036149737
11.2146451117
23.8822479415
110.501811951
25.2232552924
-1.78426997339
-2.01630672323
24.7342474181
23.0356442954
27.0678943302
20.158126859
10.5541202681
20.4384900512
32.8115242373
19.0664068239
36.5708712456
25.2596197117
37.2445494591
25.2704438353
30.6104171177
32.8460784218
37.1396089608
37.2271937159
18.7577343879
13.4482088991
43.7208868972
17.2169268205
33.7795587757
33.8890023719
24.0118782494
11.6460683163
32.5757495339
7.42826178184
26.7468508975
25.0956522279
19.5932948282
25.1098698947
9.52485644013
56.8658684298
25.7630640097
21.1967886919
34.6114164483
23.0053420076
32.9619489763
22.9647902337
15.9252296513
14.4354453541
22.4485616806
18.1166983372
24.4856964404
31.6707257681
24.4778764469
20.6693155737
19.6745498423
16.6890489845
36.5441615787
23.6877997449
15.2410955629
32.5363194237
32.5037440601
28.4655824867
26.9040504664
24.6896715695
26.7514387435
9.07068219398
22.948183958
24.8963180509
27.128920584
19.3701090106
16.6855063251
8.10783164911
21.2122148293
7.60672214384
21.1727835179
25.0671548172
25.0502617912
32.703976003
20.5145700557
34.2437455946
13.7351668251
10.0185633922
12.389163997
26.1198688213
22.2775718711
5.53245769714
11.8101943191
22.3943060747
39.0487424291
14.711823402
34.6708452592
16.834562434
26.9575728498
37.6287235559
7.84051746074
5.18335822281
24.18645856
31.6911841737
41.6734735493
18.6629271021
21.7500485549
37.3353386693
24.4570382446
21.7821917274
25.5452825408
25.0068115694
30.5046540115
36.1807775487
25.1415403118
33.6128198574
48.5809268362
25.6416116501
26.8605224681
32.3615189318
27.5091003665
12.7331044145
15.3137436297
27.9116813713
26.9740778251
23.7976807429
17.1520286104
33.8481747178
29.1210756407
23.9789722973
15.7367738174
422.186368613
20.2816177297
33.5629910691
-0.440893723454
27.518731599
26.9740778251
36.4867635084
21.8483820636
17.7115599157
20.0488373684
26.4813837443
10.6159627709
27.240684397
3.3447628618
14.1093007945
10.6208051245
21.7482535701
20.0564603671
32.0255856207
9.29749157397
21.5197875092
6.24317342997
25.0502617912
24.1347809879
9.52505826932
14.8990335626
-1.19484048041
24.843621461
22.9510431447
19.7624084559
28.0749637428
31.398888746
28.4088363899
9.21960467177
21.5054141712
14.2361361624
27.7859168012
-3.21565687424
-0.358625773566
23.8856082599
-5.01151582577
11.1538513803
18.0438545539
27.5660837909
21.9834736892
27.8380380616
28.8005311225
48.6813608354
29.2576855735
27.4429521455
20.8331507513
24.7725723588
23.0706410631
16.7071054404
26.6121434299
31.0219834581
22.280122069
41.9332613153
24.7768060282
22.8634535058
23.6877997449
12.0946548748
10.2122156038
25.0502617912
25.0167369979
20.6017672879
20.162492723
20.1007919063
15.2491530286
27.7744247499
7.35398628817
30.3727454787
15.8080460001
-1.4272712243
13.4079905777
28.4308729574
46.34837973
14.4318579412
24.3389773542
24.3181221086
33.0085986991
29.6331342897
19.6490689554
26.350828101
8.37373594113
7.50423451803
19.8751890469
-9.95572130575
18.836445389
15.2410955629
9.81445433224
14.9716697305
9.34470412323
13.6426541263
21.8878545415
-2.46130693522
8.25963679934
24.6326254121
20.8510515027
45.7371831972
21.2122148293
13.031899859
17.9564928087
48.5973805179
22.5274845513
22.4117859965
23.8224904137
25.8923158935
5.70129711172
43.4355819793
8.62125573477
23.5835936385
21.2435991177
22.8303105889
32.9213597926
28.1489332888
26.2778741942
23.2451605077
14.4030584688
8.10783164911
25.3766709193
6.75520583628
23.0356442954
21.6780466718
18.6660341807
34.4477287928
15.1075724139
10.0360036161
41.6421887525
21.073955393
18.6492827304
15.7754007752
19.0025207914
44.3035573006
29.1544117445
21.7101764113
26.9740778251
21.3379959011
20.1743548723
17.7904267698
50.6762198051
19.1796968344
18.1729144709
26.7269953261
13.7729843861
16.6434562495
8.88599241855
35.4309980381
17.9443330129
22.2775718711
12.640706882
41.3751611315
23.6576833732
35.880304152
46.0316978825
9.10772356766
34.5107303357
22.9145817806
26.2497786322
23.7338776797
32.5806289588
27.2698585095
28.7446298784
20.1482616625
11.0437478909
4.17791090337
30.7812743076
32.3889198744
30.2895962422
9.6908984036
22.0170813136
31.5598502357
11.5876594338
8.80727941281
26.9740778251
21.3213099347
17.7810129558
20.1007919063
17.9564928087
22.8835291761
14.9472192229
-2.114488444
17.6358466551
33.83114694
29.077809622
34.4843408464
32.3484880926
28.400005956
36.0985282725
22.8463669395
15.1603415017
26.7957630636
32.7369660525
60.7085797321
30.6968742507
9.34470412323
37.4494023119
33.9225810623
19.4300902985
32.1862655578
17.4217023204
33.3744588766
16.2474523493
22.2573780327
22.8392814314
8.05419372872
27.7289386775
27.9547890187
15.2410955629
31.0692291693
28.5844588202
5.75606535156
13.4517052476
32.1025037789
25.3843070987
22.122460139
33.1611203494
34.9103119414
28.1300399327
8.68158593174
14.6869788306
21.3713466487
48.2394806458
23.7527423295
20.1926320707
24.2245909294
113.316550642
30.4767817338
14.8581527572
30.2368816086
16.2094313869
23.4780928487
2.70454094209
0.376518672097
31.0597725343
49.6354751283
15.4556762678
38.0394932347
-2.15040712468
29.5969274824
26.4289631677
21.0193102066
29.0759465625
18.7464593903
16.1400295006
20.4629440639
11.9346762998
21.9160969646
37.4194216002
18.3511039059
37.9801906313
31.0527092629
12.4496643023
33.0928401063
29.0216992197
63.485960929
32.8612032139
26.887775146
22.7558428445
33.1179342505
26.4253925492
21.0815239742
25.3832671111
52.4600029869
16.8973125335
57.0000416981
31.8097296269
65.783309049
29.2155403794
23.9129480969
17.430448583
31.0814987353
20.6412931708
28.4442617579
13.8719278974
16.9576849699
21.6901443156
41.6846299953
27.8300997789
3.16463992285
-7.81137343023
21.0815239742
32.1442878356
31.2110825013
27.5037754209
36.5133422411
25.0502617912
51.4147637543
29.655798133
30.6555826964
30.0384117407
29.5300773798
26.239680051
5.72650676427
28.3555890866
-1.48812726414
46.4944662301
10.0185633922
23.9295259305
34.0742925332
25.3975292468
26.7481392402
33.353578419
23.9387319629
27.0023907161
30.1485901286
20.3255911635
31.9132835891
12.9228144337
19.4212058878
29.564829483
15.2410955629
25.8940744981
30.8492450744
17.7891147566
23.726299639
2.70468096325
13.9685763035
50.8373481864
14.9952679292
3.2817238149
27.0971377576
20.9279758054
37.638420882
31.8017550192
20.7071930175
39.5163967779
26.4523486525
26.730478152
33.0966131666
11.5532410005
10.8103167974
29.0388226333
23.992864921
11.7738910152
25.9999587696
45.8871119358
8.60022326011
29.359941935
22.3174684195
40.1403025844
23.4395564476
8.01937694905
31.9714691257
20.8510515027
26.4778556959
24.7994344951
12.9516456062
32.3008820653
-7.7913131701
37.8585800656
29.6996675453
15.7178770907
11.7957335657
30.4013691246
6.09007529712
7.85799838148
19.715067966
24.2583715044
11.2633194637
44.5150500207
31.5165468618
4.11310281861
19.6339613535
31.0341725314
27.6585643176
28.2682463526
26.0922250996
16.7674645631
-19.3272798168
30.4860954023
7.35169232793
11.1305186704
15.373064759
4.42273102112
10.5005535765
15.2791162866
32.1490942954
13.5199409686
48.4813469054
29.0388226333
16.0427782371
42.7147100175
32.194480301
12.4497822833
36.8878211389
24.093456736
4.59223143993
36.7674569563
27.2144029062
-0.951219921827
3.04351637661
26.8065000656
23.8706593889
9.42536219682
24.5176405835
2.3369426231
6.12156586071
36.4359810286
20.9994264549
19.2848698438
32.3711760395
33.1611203494
20.1795173511
37.6987568958
29.0388226333
12.502036515
8.3556200468
37.7551126865
11.4232362946
15.7974913267
31.4636965767
18.4255682577
21.9337427327
20.7634716078
9.18794182108
28.5300300603
-7.06404674076
25.0502617912
36.7667274205
9.26484408173
24.9028733022
11.1053324453
30.9341448422
32.5665131406
31.6433186725
25.0502617912
19.7817225894
27.8040504386
17.5461205096
14.4155376204
33.0928401063
-5.05546893532
17.1221849831
17.8111110013
-22.0486204399
22.6315333018
49.4818300225
24.5587372271
25.6718411235
35.3934154847
24.9781230246
32.5542520885
17.6271298771
23.1068265481
18.3181778759
14.5277937634
32.6956332199
28.242389248
51.8691181248
17.2135194657
12.1187126724
33.158554365
29.7611843116
-0.16924320542
11.9474817896
23.4704635723
16.5394801485
21.9337427327
19.0078478719
17.4350628112
32.0889866135
30.7910035591
-7.7913131701
26.678976592
40.1183697539
34.9279394239
12.3028295505
20.8510515027
11.9689663056
15.9733291777
11.8543423687
12.6975650496
21.6660303478
28.4143475365
21.1914197505
22.7834179709
17.8800473838
23.6339181424
26.694096272
13.223478246
19.562240525
24.8549470049
14.1839102091
27.9774675342
19.856928995
26.1992892244
16.0917263734
36.6586083132
38.5482443411
14.1246183652
23.0356442954
31.5904023367
3.87522116153
29.0388226333
-8.15966311925
24.6230496626
18.5762844195
11.8886031511
-3.34518519044
30.3051911236
21.8013758205
23.0356442954
30.4767817338
11.7877773518
23.0356442954
23.4781397496
33.5707736091
2.3369426231
20.1158984871
22.600836127
-8.67808020572
20.1158984871
24.6682506585
-0.638796250013
27.0885756307
15.044884848
27.1120530736
32.3615189318
32.2053394396
26.8787010458
29.0388226333
12.657161102
15.9696100438
29.7611843116
20.6293542388
20.5510292516
18.372767151
22.291978674
28.8925051622
26.0634147117
29.4256533585
20.2768208285
30.8908229344
26.8069000588
30.3231656529
15.2523837787
34.5186267842
6.38485940698
-6.71119000601
13.3832554426
40.7085857626
44.2749744071
27.686045132
28.4119838236
7.04666769968
27.7734611992
-6.66589425979
34.6959038033
27.3715474438
20.3085474564
26.5613900994
32.1862655578
24.6810575295
20.2143777587
29.3027454325
31.4617662982
29.0769411532
-0.443068761147
32.9213597926
26.1015601215
30.0815116738
12.365363659
21.4529897163
22.2938269094
31.7392182421
-6.57858024118
26.8545605081
40.8500700974
25.3570882695
11.8090792538
24.8254493339
23.1098809522
14.109033728
30.1313163236
15.835021847
21.6946854552
27.2755577983
29.7603776116
8.56462491719
29.2752706424
26.2511374421
29.5565506326
30.4820762912
15.9983785958
9.27872058324
27.595185662
20.9000979994
-0.232932635005
52.7273411492
23.2703110486
24.5532216868
28.9600218217
28.1300399327
26.9678283799
25.0558574395
26.9740778251
22.875087777
1.05360974344
25.3419620824
28.3233515868
28.4219849453
26.6655768224
19.5700628141
25.5673356892
25.1631816627
17.9637176566
33.1304029585
44.9948063735
8.37155442162
26.960879327
26.1958598141
28.1584509543
20.1007919063
13.3303476574
21.7340254092
16.4556725092
24.3428768991
28.242389248
32.1862655578
29.1069982115
23.0356442954
20.9475992013
-3.27729575856
11.3061805039
29.6536723183
23.1274162684
15.0624877108
27.2204366532
31.2247228223
24.6824711682
29.0963763199
24.8923146958
30.0285590843
31.8836216624
28.274351801
35.7160805138
25.455445259
40.1403025844
60.0060312569
29.0388226333
-2.98790109836
14.427975417
13.0631493475
34.478072797
28.4274071373
23.9299287345
18.6930008582
28.7527467758
26.6561939391
26.7464009096
25.0950126845
32.8851219834
27.9701373831
14.917003736
24.3074025666
26.7632535095
27.3583739199
28.8682155752
31.2584681797
54.7310160258
41.9866745392
28.2769456857
28.0080652074
22.9931632572
29.6649650934
31.0453061348
22.496568136
38.0609206868
24.9746878691
-8.31762428549
40.0638930137
35.5099671073
4.68184899152
24.2852861442
24.7658092924
31.9426188202
17.3722741691
8.75458067091
22.8424904351
25.679657884
9.81667020522
27.5208354393
53.5089119079
31.1817498424
25.5376174684
10.1995503428
27.9922426727
24.4537800851
-0.142222058828
14.7157397485
29.4683311752
11.4130737548
51.818662168
21.7367260477
31.8273857207
31.4872343822
31.7177512348
31.8370102151
26.1154255861
30.1661228733
15.5457007255
27.0315088218
22.496568136
13.7307552089
23.8322590383
13.4079905777
-0.715568915038
30.2395433727
1.94718761421
27.2144029062
28.6981326687
19.8257619155
51.7911740919
27.8529998278
21.986141305
30.9942301271
24.5475261744
14.0709971876
25.0352583906
8.98041489719
22.2055120015
20.2796052433
26.5506636138
28.8357600719
26.5324897876
7.89632073777
26.8705710219
27.1068990609
9.60557692862
3.81955236464
50.8650512815
35.6172798437
28.8048462058
-7.83050031054
20.3186971912
29.8627589975
58.1755755852
27.1531348623
22.9245590225
32.9086223968
34.1530504244
49.7409963346
25.983528525
28.2051068469
30.2455473506
21.6873537402
12.4626080293
24.7085861843
24.7676516297
28.8319875187
30.9674032217
18.0983759056
1.09498820977
-18.0281029488
13.2198910621
27.3359726121
23.1663039884
24.5415036415
29.5671468252
26.8838033073
2.45436300562
22.5316127445
-3.0186869389
26.4593986212
19.1615626573
34.9399462482
7.52218116377
21.6427208411
27.283363824
28.0149755793
31.2584681797
13.1035266113
34.2413539521
27.6782579749
21.5416884821
26.2162080964
21.5416884821
22.496568136
22.496568136
12.3223890843
18.9490148142
57.10382163
1.40623460249
-10.4011298756
38.8240922599
22.9390344352
32.8639047557
24.0911517194
29.2927028608
28.7306923287
35.0618256178
24.642458225
35.1031037568
20.3368358972
3.49161857388
38.6366683401
9.27872058324
10.2740434443
24.6414839794
37.5014279756
29.7982478149
13.1540669028
29.6766079135
-8.45527508292
5.17233401628
23.1497159412
22.7757562849
-7.7913131701
42.2139245535
24.1613698878
33.034511462
33.7791108116
45.5454051348
25.9921683299
16.4556725092
23.1350504202
30.8133943328
1.041359986
27.3789904992
8.99974364824
27.2957481918
22.1429863907
95.7675014347
26.7124311392
35.3001986499
26.5834455409
5.02556387523
24.8276892493
30.6031620045
19.4963884392
22.2212106752
-18.0281029488
19.7685885777
17.9573231135
25.4107353456
23.9058880338
30.2912236446
30.0613018794
22.3994073221
17.2019338569
45.0639272439
-3.27729575856
26.2637369977
28.2689566519
-5.11499046527
32.0267310761
24.044836238
31.6154160217
63.6841122655
29.3152163589
26.7463456483
31.3181907853
26.2332380475
25.7220038241
26.0969122482
3.87522116153
30.243518834
23.4449618437
23.5363441858
22.8186179964
27.4647537694
30.636568259
68.7976065031
31.9515495943
22.110563056
19.0594908513
55.9468485457
28.8737946695
35.4471849575
-5.56512547175
3.87522116153
24.727613638
26.6240145036
24.2468594622
10.9052246186
21.1417770617
17.2019338569
6.80260524616
34.5041987173
8.02936511695
-7.36568870027
28.8175361066
9.93982712739
20.1428149666
6.80093403881
6.13745138492
27.4366741482
27.7908228733
26.8420077447
14.4998940916
20.0699573942
34.3412616048
74.5630098752
26.4517508625
13.6034844435
13.0538686938
26.2943505219
23.0564936933
3.02320498472
33.7467460409
9.31057228426
29.0372879277
23.5003408417
34.6444570139
20.0537208797
31.6177039293
24.2293136656
28.173419731
24.3695882377
31.2270117867
19.2987529952
5.22694747181
12.6264754423
18.7499278709
-8.57448755153
24.0360487474
28.2939600872
29.7753265867
20.9128982292
27.1586415616
15.6958163981
9.89591865382
22.652453212
25.6203671716
-0.60335167604
30.8385069287
25.1765541354
25.9362666873
24.6414839794
33.034511462
25.713480331
31.8618645597
37.4923921703
38.7702690099
28.4914294251
27.8861343869
30.4767817338
22.1513324947
24.7352320641
12.3347634674
-18.3993055668
21.3543825821
28.6951311193
16.2006412396
-5.05998708062
-6.41998077853
27.478143724
24.6945581017
26.678976592
26.9483655295
27.5332138522
28.242389248
27.5461860214
27.1078420296
22.496568136
21.732878948
26.7324222521
22.7195797924
27.8978206039
38.7915045817
25.5205892277
29.2089056778
37.8443526581
32.9442002446
21.4393368373
28.07442688
29.9999082135
31.2515628895
17.0983743685
33.000904442
22.3517822711
-3.71026312622
29.0216992197
33.5029555751
7.07921216544
31.6819810345
21.0815239742
28.1269300135
31.8021266857
23.8191045643
29.9762797411
29.7963620221
35.0082241179
37.0100815251
25.4380592015
63.9922099493
25.2025024068
28.9416858714
22.496568136
32.1198850838
51.399425229
26.3949925202
21.8256507125
20.6898853342
26.678976592
18.8025917861
27.8671079052
21.9961018772
26.7161690248
4.74189229062
58.8892753294
12.5251864869
33.1374083904
25.3842791457
24.0042477752
38.6713347837
18.0743502238
21.3495972988
22.9293270173
25.3213110588
24.0217320621
22.6926843585
22.6354779763
9.87498362161
21.070415288
24.9355186336
27.610343111
26.471836589
32.4615833619
27.5674335961
33.0764570074
25.9850676035
24.7648615927
25.3472618492
22.5048476944
27.1710421455
25.9850676035
22.4864928294
23.7331696664
24.9355186336
27.5758966346
31.3246553168
24.7122691535
23.80195336
43.0608498781
25.9829698012
22.9879756191
22.3362094584
23.0251506091
27.7251902858
29.9084302811
23.7099560478
28.2741394443
24.2400705666
22.7769761275
19.7758318906
29.0377462727
17.8996787624
32.3851596491
26.0376251803
25.3821450944
21.3101022699
20.6852260616
20.7111644422
26.2326056276
31.496501294
20.1428149666
24.9355186336
69.914541782
25.1248456518
22.910788557
15.9983785958
25.7684724552
24.9355186336
2.49996093062
26.7891823282
25.7785477857
27.2429857476
23.8033298998
14.0595806389
23.357410679
30.0434206791
22.1429940228
38.8231399117
24.9355186336
29.0388226333
25.7757424192
28.4302781977
26.4618876338
24.3068774157
24.9355186336
31.1262836777
-10.5834837763
-8.81564428451
24.2412284878
29.2748454423
9.2707045965
24.2412284878
24.2452086949
19.4384773644
26.7803533167
26.2049713091
27.2113588111
28.242389248
26.4710084628
28.5954077922
23.369464053
21.7588553004
19.7344547283
25.0543061066
28.0943011913
3.62108476399
23.3523365843
26.6221113059
24.6218300829
6.4386847851
6.75299310074
3.88250646173
-7.7913131701
24.2412284878
21.8518807022
27.1440311046
24.2412284878
22.016040149
24.3415769896
9.97275978661
24.2412284878
18.5358107949
24.2473459169
24.0042477752
23.80195336
31.3338372853
26.655421388
25.5274171615
25.1188357508
24.0538490685
20.1428149666
32.684348406
24.2412284878
20.5741209665
11.4493326183
28.3421714037
26.30270401
26.4197088079
13.4100176004
18.3610272211
21.7708452264
24.2412284878
25.1462338615
23.2137756974
27.1151608664
28.4923810357
26.8929247628
17.4643159649
28.242389248
29.9258962939
22.3144752903
40.8692269507
24.4386215468
11.6643105135
21.0815239742
22.3760715745
27.5525684105
46.2908025807
19.7423539187
19.0183009618
27.9292704816
24.8386742132
25.9316048171
22.2416030025
24.9355186336
30.0043337205
22.0346909621
35.246217866
30.8523183286
34.1530504244
51.4252099972
24.3093444183
20.1732013898
27.4171026136
22.6712698273
31.5761890645
24.3796948959
29.124499984
27.5985939217
10.5268986828
28.6047913754
24.9355186336
29.9604199037
18.9199412732
25.7842255275
30.6842161499
20.9658781414
29.7129157367
21.0796117095
21.7606756967
24.9355186336
24.9355186336
23.5982925395
3.06166697711
25.8162903952
28.4947058489
24.3550403179
26.7018264286
24.9355186336
21.4675725438
25.6225436986
25.7736788067
27.9462125331
32.1727460377
26.3431743103
27.7925497343
23.510877904
23.5664698605
46.9086088608
33.4369344189
24.9355186336
18.990632604
26.4618876338
9.12786076441
28.3709048303
33.3958061004
21.8433173298
24.9355186336
23.9817153556
24.1043756527
18.7187986478
24.9355186336
24.8900314443
28.9295190743
32.2629078138
22.5842883888
31.523782478
24.9355186336
25.4030366108
29.1951773559
24.1370366596
25.173821818
22.7286466651
24.5584382408
14.8002758851
29.6733355375
20.1428149666
23.8375076197
17.7484039719
25.6987297199
24.9355186336
27.2990498139
18.4118911406
27.445156879
18.886862504
14.6222645771
27.445156879
24.9355186336
23.799379242
23.9259727833
6.77756146137
38.9057425416
9.2070421971
28.3709048303
23.80195336
37.027655274
17.5517733408
22.0762870626
24.8469023478
24.9355186336
28.1720342537
-2.80238152746
14.4453414043
21.1093105249
26.9863748192
21.8547826302
24.9355186336
25.9605422711
19.3166676561
27.445156879
28.5450184347
23.19913335
22.8335700955
22.284896027
24.0647279338
25.1576816598
27.016029419
24.9355186336
28.1720342537
25.1843621513
22.5667130847
23.3294014091
0.0694656798436
25.8596876253
24.8255191896
26.0676817851
25.213374085
29.8906254229
22.9636625102
24.9355186336
25.7130959887
22.7968015287
24.301509817
28.28938609
24.9355186336
27.7925497343
36.0628863813
40.0547470027
23.627545725
29.5644417436
61.4489879715
30.1474395559
23.9959566732
26.8906185103
22.5667130847
30.2806659494
24.7605433557
19.7043933691
29.4954307431
25.5051125324
18.9027429005
25.3157212737
27.0508447097
27.0588332707
24.9355186336
24.8818723347
28.6717630868
19.3854218793
19.4367958088
19.2945434573
24.942793984
24.5591072156
27.2253782356
23.1436109137
27.4701070987
25.8170400766
24.2780537851
24.9130784533
26.3262576534
20.762432681
24.9355186336
24.819282978
34.1884461004
29.1314341928
30.9824629898
23.6161666148
25.787440349
25.5201270883
22.971103968
4.01492128963
28.2457799759
30.8942385337
9.06926105641
26.8356719299
23.5154362132
25.3576132388
27.4524322294
26.3262576534
25.1576816598
34.185238577
25.3911611804
21.1177430378
23.1895274671
18.29649746
22.6956666984
29.0803442883
20.5922877931
24.7171787201
24.9355186336
24.6774978989
28.1894647031
29.1532600506
25.3651233171
135.809395352
28.5782266041
25.5321757566
25.5761945386
24.2412284878
23.5641724365
13.055063387
21.3465107993
22.5298907182
24.9355186336
24.9355186336
24.2347862821
24.9355186336
22.7279102168
28.3280237084
28.1853341701
26.2076117607
19.6935747686
35.3788152296
26.3581009192
32.2887166147
22.3359724059
22.0877397234
24.9355186336
26.6772982017
23.9283669336
25.2619496765
20.1428149666
22.9666591091
28.29275782
23.7838708327
20.5741209665
25.4019387076
28.3321956052
26.1238542787
73.6529842825
24.2195649932
23.7462943172
26.1797266767
27.445156879
19.5862153196
32.9768949808
21.4496190317
25.4554158491
27.484248745
28.0084854618
26.4212034396
24.2072104573
22.4189714208
26.4812293045
24.9355186336
25.4836036906
28.0084854618
24.4607761077
29.0285254291
33.7074959737
28.2774451182
27.7594019332
26.8749201882
29.9990606937
28.0084854618
29.5074429743
25.0683761499
23.4915374365
24.6086265948
29.7383397362
19.7943500376
18.4236000272
23.535702969
26.6589844607
23.6993175888
24.9355186336
31.5761890645
24.9355186336
26.8612788759
25.1020589483
25.6265798055
24.4977119858
28.1720342537
19.8572067943
15.3060120273
17.6725509029
24.6074608765
32.5103314608
27.020298544
22.5110389196
29.5216486815
28.2243212596
4.43916972823
20.2940340309
29.0388226333
21.5797234629
7.16019329292
25.0765679917
24.5841130779
24.9355186336
29.9604199037
24.2400705666
22.9295186911
26.4430874534
23.8104198705
8.16315124893
24.2729047221
26.2026439474
26.8883889127
53.403556869
27.458997167
21.5737804443
24.1060812741
23.983841793
24.1177326247
23.4435379591
21.4918790717
26.6361020788
24.8303478809
24.9355186336
28.4153517218
51.4577224146
29.4849055618
35.531849918
29.4908271788
27.0661086211
26.893566604
28.6911598109
25.7645011989
27.3415040732
22.8006455524
22.8668939604
26.1098917742
20.892674274
20.4119670379
31.2769965102
27.4171026136
24.3632487842
28.6283387284
31.1236587139
3.30230259362
17.5865070112
15.2410955629
26.3245258595
25.7591471273
24.6653985821
30.6910712711
27.0209817235
25.1546027619
25.0447592439
24.9355186336
25.6567891732
24.9355186336
34.0666936973
26.272223526
23.179126807
27.5674335961
25.6467250813
24.2400705666
19.0257617729
18.1001897995
27.7925497343
26.4990016088
28.1158250723
18.7623539116
31.3208456931
25.835453798
23.2431326449
20.955047428
22.4429279561
43.6552134945
28.9005953527
-4.26993433192
34.5356282122
12.3581061993
27.4617717244
25.81557249
30.0932879738
24.0678666778
30.7474237361
16.4520890749
33.7628650957
32.7316114197
26.9740778251
22.4571149149
65.8406139776
27.8729115502
32.0414547732
21.4370502645
24.9355186336
30.2108288039
28.5518631213
24.9867048285
21.6088698426
25.5600051138
23.5047440132
31.1868841109
37.377649155
30.2307195536
25.778866347
27.1018529114
29.3434119995
28.8078416334
24.9375192816
3.71370406455
25.3996745218
24.3137834553
27.2439824846
45.1219377061
20.7942306175
24.2326751684
23.5091263583
20.8510515027
34.2593138352
25.4683268682
59.8906675153
13.0514304691
22.6262628626
22.6975919809
25.1805516902
26.6756760289
5.67052277072
26.7738657993
6.914438768
32.471414752
72.9814500339
24.9355186336
28.324716629
28.324716629
23.6754574338
23.9841390921
24.9355186336
24.9355186336
28.9799130636
19.1091875956
26.0431944729
21.0179719673
11.1181915771
24.9355186336
22.4914958454
28.1160824347
18.4890878696
23.5699812381
27.3833064045
24.9355186336
24.9355186336
28.1720342537
19.9504671616
25.97500254
25.2569731349
16.7525998705
12.963442864
20.9788933245
-12.5649376242
20.9171986004
25.6512036551
22.9369233056
29.6448287119
26.573801317
35.8339165484
25.2932176531
25.5691644687
29.3992609019
29.2699511187
18.6809002699
23.3891618816
24.6469832027
24.6563966758
25.5691644687
25.5691644687
10.1530161791
27.163239211
25.4908302472
5.64274221919
26.2797330438
11.193642051
23.9056718962
26.7514506879
23.3511786631
27.0899065355
21.8273762013
22.6695124248
25.5691644687
26.2038478467
28.4874666604
24.4658257853
23.9736029187
24.7357577409
24.0641636061
26.6714645203
32.5562360274
22.7637907603
23.2760843826
27.737783719
32.5614556981
26.4001203043
17.5257930928
22.8177026887
27.3778067957
16.9629807647
25.2574753363
19.5358640205
27.5674335961
23.0321789313
63.7329182754
14.6790394963
26.5089449102
25.5814532488
-1.15810704076
27.7925497343
5.24632935108
25.2064791081
9.03508304924
25.0747278439
35.1578366739
25.2073080645
24.9355186336
35.6525594924
28.3955125907
30.4770902241
35.3007899205
29.312525515
15.0857389906
22.3488775408
26.500649641
16.2980757007
24.7944368046
26.8612788759
27.2093919384
23.4389266769
28.5567003515
25.9447487317
24.895517217
11.5408826657
18.5634006946
24.942756533
25.3945431981
22.2005986101
30.9710627601
25.6967855892
22.5714098212
25.6178176826
24.5179217186
23.7693415989
19.8452909922
33.1023266604
23.9371358682
34.8891473936
23.936457607
4.91691454693
