29.2475380507
33.3397919234
24.9355186336
31.5544790151
25.1666169424
28.0334786458
14.7694211888
24.942793984
23.9240128828
18.9058968316
29.5583451337
25.3418891878
18.0240190248
23.9468843179
25.5429694605
29.9831876378
21.7183956654
20.0775685685
23.9773994194
26.1665617354
24.2786458017
27.7157981363
29.2680503173
22.7990202333
19.9757876491
5.99373438024
25.9566008072
5.99373438024
18.0540344154
31.7590806394
-2.36674579058
10.507784377
22.5738596978
25.6623421735
32.5934206253
12.2961892827
27.0381997608
24.9355186336
24.0127526306
-19.3341744611
18.9830856044
26.0991846094
20.0850746097
26.0668225921
25.6638473429
26.3834720551
20.881188096
24.0042477752
30.8377970403
20.076401559
29.6330227468
23.1576292634
23.699552935
29.2489756348
28.5709024622
5.96272273445
27.9867933229
25.4792794576
12.7627621704
21.0751936859
10.0360036161
25.8349269417
33.6326131693
29.3322522126
3.62843445588
21.9905213022
21.958796818
18.2363685455
15.0929656139
23.1455170733
27.2557967178
36.4504685925
29.439109836
24.6479557212
32.1120162579
29.7129157367
52.4322670221
1.20897107222
29.7129157367
22.8450986321
27.4962414725
28.2369750506
26.9495794125
12.2809469388
25.6055825637
53.6640928927
23.1743016798
26.9413006575
23.0535408392
23.2669941213
27.0118077563
26.2890189427
26.2508166209
23.8661482108
22.9993471461
25.365961469
29.1875981015
28.6071468767
22.8472107831
1.51688231491
31.1797836727
32.3953228528
23.0303714236
1.07631321747
30.2189246529
24.7997158499
25.6924396028
24.9355186336
24.591023489
38.1724749643
21.3689533469
29.4407948154
20.9643040638
26.3397591736
15.2410955629
28.36710837
15.3240242266
20.4133889857
16.0961829144
13.6484834204
30.1475446746
40.1829676105
24.9358020434
26.5246171636
18.9702584236
-3.64662556422
-6.84800984793
-9.38835078461
-1.92932103618
18.2014368616
28.9008944103
12.1819810365
40.1718178093
26.8402410925
28.3902355739
28.553923988
26.1382522938
33.4663725901
22.8293424966
24.1192871011
32.3602106656
-5.28167492465
24.1964742628
23.1089548122
22.8303105889
30.5236728379
8.65142078711
28.0133624
33.314317886
32.8196501909
27.7636354113
24.4393207943
25.5837226447
19.2918538787
9.27872058324
20.5934375898
24.5915855647
22.3657222502
22.7324641216
-2.35741520701
-1.10057841667
29.0841585157
20.1848287268
22.5316127445
3.98453158171
20.4060246109
17.1842512376
29.4908271788
-2.0604337305
1.54042118813
14.2189550943
24.2108255883
28.6218259172
23.8607561077
23.0773822915
31.0492154535
25.9099410839
25.2466130637
29.8193869883
25.5344163771
23.6593064938
15.2410955629
21.6313585488
25.0949035037
25.5119536486
28.0711379606
27.658507051
23.3492941295
31.3603151253
29.5059860921
26.6448758722
28.324716629
46.4786351465
5.37612787702
22.7120428987
35.3350140959
10.9451178976
61.545101643
31.227935931
27.620410253
23.9641947201
27.4413079111
27.7383053204
25.6131463966
23.9993573331
26.7758202955
19.9608222469
27.5100929029
25.6200348482
25.851975545
30.8544967287
19.0265173566
27.7621229777
49.2652653575
32.6704672037
29.3078415552
20.7095257184
6.20473576611
18.6177176962
24.5915855647
31.0804620985
22.0200425963
36.962977157
29.5675343064
27.9755789428
26.1995722982
13.3198795941
24.6414744445
24.3686388201
23.5051417544
15.1094866923
23.4544767466
29.8081642942
24.4611377402
27.2168160716
17.5777949558
3.06166697711
57.6686467288
23.057244378
107.122631684
28.1778156106
21.5930230484
22.5842883888
31.2042014117
11.7883588287
26.6854300596
-5.86685469128
26.3468869559
23.3986261386
25.8317948053
24.6459357803
18.4844383455
26.0056196801
28.2457307642
24.9355186336
30.9695187686
29.131325479
28.9579924758
18.359336773
6.21835137042
21.4290233926
14.9433401328
28.2688437389
32.565589747
18.3448494827
23.8375076197
27.445156879
22.6627867246
1.50994906154
15.630144608
18.9337790758
17.5013103395
30.7810110069
23.6307586041
26.9212321133
28.2779511795
26.3834720551
22.7082532515
33.3478640274
23.9641947201
30.4119841544
26.8416583202
4.49041739256
2.60076919319
22.4656361777
8.34215224365
1.91324819497
30.674221622
1.79500303984
13.5242104022
29.3960145359
18.1181154649
19.5479143826
18.8753984977
32.8206053929
25.9411741177
22.8177026887
27.5387040363
24.0756544476
18.860001677
22.6509445194
22.4627138257
13.5056063537
27.4877282478
14.8808223936
-7.53224757065
-0.0773789792094
4.21259273399
3.2541850113
26.6604905394
-3.03817769747
29.7115916088
16.898379085
35.9190519495
25.7379745925
-3.22968424606
19.5937284218
24.4152340984
26.9147411957
26.8570827878
24.9355186336
25.5189603207
25.1189442593
25.2469264524
22.2211389413
50.6470861068
10.1113296557
24.9355186336
19.5786608932
27.5748495636
29.1445133602
23.2444549032
23.8985893134
28.6575196449
1.31883207236
27.4171026136
24.0502437185
29.3457001948
-6.99735394562
26.6105773302
23.4024354239
2.36225350872
26.2885799388
27.8200858817
37.7548733884
25.9632277753
31.7974098144
31.9087619546
45.8871930595
65.8084338072
27.4246852733
29.5494401055
19.2753665787
29.183288754
27.6170756596
26.3272354363
-7.64307334468
27.6894565871
20.0051452501
25.69517746
12.7012473078
28.6623908942
33.4072325976
51.1404502021
2.90376138725
25.5875047392
59.699145786
38.3763781018
29.0321598196
29.440452915
21.9971289363
30.1094570558
30.0689176395
2.36997286824
36.4505097182
26.371853744
32.8342176752
22.8249780391
10.666280676
24.9355186336
40.2155762092
7.06044621981
26.9469266149
31.8149238755
28.9445167898
53.9757366835
59.3325114757
18.8760610349
24.7911689077
24.6837736905
32.0676222259
34.9233059981
21.3448930251
7.91288231532
32.6903018033
22.4117557525
38.3088597866
21.4224468704
13.8104787946
26.9469266149
24.0111475645
25.4974706718
20.3814239479
4.43674499819
-5.84236068394
12.2140157502
22.2473108857
27.1455003721
19.8386917794
15.3443041624
25.0834113334
24.9355186336
31.1262836777
23.8578187549
28.794057431
8.03715710111
-0.464376703692
26.7726985958
25.7833552101
23.4774150206
9.27872058324
42.8809182082
2.36997286824
19.8387213882
25.7448389372
14.5994566637
30.3404819262
24.9638961573
24.6114744421
24.9897370071
19.5841261018
23.303132785
22.7489611063
45.8871930595
16.2503501873
24.7658092924
27.6658279969
28.1398137137
-4.56653247253
23.303132785
22.667442918
-13.958691886
25.9915458216
100.992152216
24.6888253689
27.4318022194
29.2809150064
0.267903765808
30.4911618585
28.8804375117
65.5370215479
1.98574708932
24.7047976046
19.2422176538
6.80093403881
25.0502617912
-3.03817769747
22.0083497322
23.0049725511
1017.04487279
23.4954026589
1.10987959866
5.96339277064
26.7124330111
6.47009510436
24.3356171768
23.7716260535
26.7687310633
27.0771964225
22.44822366
5.30011933174
24.4753707996
26.0905558358
94.5615591645
21.0815239742
23.80195336
19.6988732864
28.975658895
30.1179424511
23.3909896138
9.73749620325
26.2931345859
24.4219627928
59.699145786
6.6388793858
27.6271792278
36.8476987924
29.7454992778
29.28042661
-3.7283463434
61.597868346
23.9993573331
31.1797836727
24.1526029179
10.8079427389
16.1537230311
22.6744225393
27.1596199045
23.3698150773
50.3644979529
21.6672345496
27.5674335961
-3.64662556422
25.5063689819
27.449962256
8.44263560765
22.3340250508
23.8539700883
31.1002900378
24.9355186336
7.97911436634
31.1070727606
16.9431483684
28.4959540809
24.9355186336
32.1854282886
26.0851859217
23.8502257851
0.697556795998
22.470458065
25.559443894
46.7943127772
26.5406377383
32.9870689888
3.04430837417
27.3005495164
29.0388226333
27.4030738716
35.2225057815
29.7521116007
50.9145569738
15.5450937149
25.9433405232
1.70160533976
27.4542065313
-3.28827387404
33.0464785927
25.1777792078
27.9109735101
29.2474100496
34.1987850747
15.1120441529
0.598350267898
23.5826292652
31.7701168272
24.0042477752
-5.0486032919
31.0151238515
-6.55578782752
13.8229273653
-3.89652425992
67.316838965
30.5799615912
25.1119111056
16.5004642037
67.316838965
27.9471573842
15.1184425932
0.677579418813
-7.21680825854
26.626290784
26.1188244747
25.5426573445
24.7639387232
18.3499084965
24.6233087175
26.8754293048
12.0344063351
7.44318913688
6.47173591948
27.7714782691
25.7675470643
56.8612808456
25.914041578
57.1610650175
28.4312002863
-5.13213263357
24.5920272365
23.8675780782
29.5107078058
14.1510639504
25.0156545372
23.0379042608
32.5448690156
37.9692892055
12.9715406781
32.9574858437
29.6801407374
9.09961252394
25.3072502036
22.1907337623
25.7242562455
24.3620176823
30.1542494585
46.1230417997
23.388184905
21.1318641474
25.5678458794
27.2833764691
17.8367845427
10.666280676
25.3255392799
3.1212501769
10.516523435
25.1849524757
18.4856770366
9.27872058324
28.3430935543
18.9881189684
24.5259589817
21.195456407
28.2012111885
25.9963340069
26.9195597598
58.9754000007
26.0991846094
22.0196498335
26.9823573518
51.7057024744
9.65523605673
17.9657532631
13.0177707516
23.3087997082
26.9884332052
-21.0470708161
33.1140163915
27.5939339628
41.360366405
22.5735593433
31.5676072977
27.3355646425
29.522702592
26.5164437613
27.419789158
25.7310939637
1.86885510662
32.3826088455
28.0275629392
25.3221332829
23.332874094
22.8035168319
12.8671815606
26.9661483023
14.5337989056
20.508186259
22.601119184
31.7574070377
24.9921353333
26.9062361821
9.27872058324
22.3816261136
28.9892201082
35.2351892747
20.879537217
22.956532099
55.0856147928
23.217100791
30.2407026766
23.2813073922
33.4973244411
7.07376208895
49.6081748423
-15.7953372047
25.914041578
22.7667816778
35.8482068177
24.0042477752
29.2474100496
24.0028318333
28.8363149152
75.3849759405
37.7746730914
35.8482068177
25.1849524757
28.4852103883
21.7134103249
22.1671899271
28.3057302162
12.3530691996
28.7204887424
27.8493785804
30.3266415849
22.1505655387
24.3656782975
27.5514896504
30.3213715497
35.0896220118
33.465891063
15.6165426836
-1.46461916896
23.081836397
27.4472149744
24.9355186336
25.0502617912
26.1430412195
26.1432465322
23.081836397
12.9066473241
17.9744827138
7.2586553728
28.200812763
21.9482711234
13.6769134636
12.6312229888
19.3286022894
26.2551301529
29.2473072858
21.0815239742
-4.9087929729
21.9688081772
27.6185619088
25.6418335298
-8.64514146957
20.7071930175
22.2923094232
25.5384128618
-7.13112275972
21.0815239742
24.4515704773
26.3834720551
27.445156879
26.0803196015
3.71695286797
28.1351077776
20.1855027514
27.5857417955
23.3460473527
27.3472681013
26.0720461005
24.5226336177
26.296768112
27.1185878904
27.5514896504
34.9962695643
28.2424189078
24.7810798399
23.4212708975
23.2428471505
25.9715730772
25.5328466489
-8.21269551887
-8.24676930106
29.2030330604
30.3101499725
3.59818331513
28.4693612057
65.0514611931
25.7927697868
28.0496033083
31.4905281041
19.7794221545
16.427232814
8.14301233967
35.7967571568
33.1611203494
29.3036557708
26.3393997244
27.8665740765
7.28785248279
34.4012946849
17.6614829818
31.8196588896
28.2369965346
33.9421515195
22.7787239588
22.9567241361
2.01854700156
21.1221628785
-5.82923143076
23.7411911156
20.7967988119
8.77318711622
39.0879568263
23.3460473527
31.1446502239
29.4370017564
34.4287887971
24.2693199763
23.9325424397
20.5879166112
33.2286919035
25.9672425961
27.6793269344
26.099760857
29.1560153305
31.911009138
21.1713751063
25.7582708593
19.9388785823
21.2212520772
17.8337255376
33.5389464826
24.3457159182
24.5621429917
20.6979363693
32.9124403901
26.5561186108
4.71230057311
26.7509976995
12.158412724
18.6700897044
33.9888510138
21.4619259531
21.9090109039
-9.45177370108
22.4408321924
28.4205919487
3.1212501769
3.8954554367
36.8147827804
17.3740550964
31.3551838663
9.41541355908
31.4448471212
21.1274964452
22.6350309328
9.37152691869
22.9780628266
13.5513610841
11.4129640185
27.3062733798
26.4036094473
25.5605422568
24.9355186336
26.0991846094
27.6100450811
25.8019861117
59.5303217919
26.6068928398
20.9793096953
25.473064685
22.1620449857
28.3444350248
8.93770372613
17.7968544054
8.17190311701
24.6631409553
-11.6552797883
30.8774510646
-3.05124634417
24.2400705666
25.8185388752
19.1379094792
13.4068437187
15.690760582
34.1987850747
16.9875390168
14.8808223936
-7.7913131701
24.9899544399
25.3887362552
16.4055833496
24.9355186336
24.9355186336
23.1797892976
13.8640331774
23.092452799
40.563831304
23.31043716
23.0367479977
1.86133207873
15.8698452549
25.2787261682
19.2083812358
29.0187236398
9.97275978661
29.5585614206
23.8745851143
2.95062349605
17.1068941719
24.2400705666
24.1654221894
25.2006971143
26.0000836427
25.0440886889
27.2022305875
23.6022536113
28.9694150428
25.4425652582
26.617885245
0.86914776599
26.6100864577
26.112523066
28.7265412932
27.0462211774
81.5248756975
13.7913776434
27.5342229473
33.0162729915
26.2903343181
30.3862149098
25.0984519366
2.1513277635
6.3553550483
30.6883300932
22.0220354401
27.4754513337
27.3127764674
24.7695421487
24.7695421487
24.7695421487
26.4428086419
32.7627149809
23.7444588552
26.5870788106
22.0529153961
25.6085010763
24.1620751168
18.2430385692
25.8217554516
2.01854700156
12.8930347168
25.0093832003
2.55250639185
36.0027723682
21.8128167168
28.7147982025
24.3715887888
-0.161323345801
28.1584509543
31.6118959706
11.7883588287
19.9296123532
27.7925497343
29.1394980306
32.1535159637
3.1212501769
25.3548314497
-6.01593132327
4.3023096978
22.3573359224
50.2325390324
11.2726715344
27.3115644188
22.2199543816
25.5899284275
-7.98533052666
2.49434442082
27.3582248549
32.7400418855
27.7811210653
24.7078707774
29.6733355375
47.259748288
26.9384721618
28.0842662459
26.912766331
24.7833347677
31.67543037
24.0616967547
22.6709577349
31.8378831796
7.93945957859
31.1260553824
28.3709048303
33.3958061004
29.2614560904
30.5683758444
30.7205526195
24.8344094062
15.5003890756
26.1512744716
24.9355186336
31.5761890645
30.1206937666
40.8654648037
31.5316567191
25.8028792229
96.6045427855
28.3705168683
22.0659665521
6.457245676
32.9929610399
19.612057069
14.7694211888
25.774428573
9.27872058324
24.7291339755
18.0138514232
25.872158707
24.8488974265
30.858796171
29.8076076036
29.2127063457
3.64052902268
23.3596150364
28.9339657962
24.1652206407
29.1443317052
28.7399510537
5.46958360595
34.6417538336
24.7772864503
31.2161349644
3.71695286797
34.6851624248
25.6248482856
21.0194349804
24.4787522488
23.5879679967
25.2679313263
23.995305986
57.2297925735
25.8642965276
34.3693132142
24.9355186336
28.2265919019
28.8257815848
13.9951027693
188.218995592
28.2560346682
25.2057197002
25.2972794719
24.2247216333
3.93135323102
27.641475729
24.0042477752
34.5606514643
28.4217255528
24.7696975523
28.7807899904
29.8880423792
27.2821535171
47.8606101807
27.4594799598
28.1021875195
6.49397510811
27.7146751349
24.4029035444
29.3022136485
25.7217793188
52.8654717327
28.3323374826
24.3678116074
6.9253414597
28.4572866064
0.86914776599
28.0066944377
29.1679412172
19.1087699201
56.0899120727
45.5286527711
13.3518362359
31.2346543747
35.1843788271
44.2582535647
8.6748951453
32.6114734338
25.7530716919
38.4755457859
24.9455280462
21.7672159003
24.0922720471
22.8970024702
61.8991937201
33.3513648551
39.7334776623
20.9833969761
14.4715334311
28.3800290108
20.5883124991
36.5301243366
29.469438882
50.757987763
27.2894798197
61.2153316959
15.6520838617
6.33346477708
61.8991937201
36.3795152667
31.7328639258
19.5971158313
7.54948125114
24.7807239436
20.4968297358
25.9258784586
15.4436963408
23.1968465357
24.9355186336
20.7671847471
20.4968297358
16.9647809349
42.5582413115
8.00816646632
36.7779469431
18.7982421825
37.7939995277
22.3863265983
28.5239230913
18.7598520764
62.638698435
26.1659982603
27.7925497343
27.5793920369
26.6724232242
20.4465128899
-18.2117395381
6.04694273156
27.9995155752
24.8058832391
31.252013033
8.54646681149
8.54646681149
23.211994973
-1.77736134567
63.3859960798
29.2011146944
24.9355186336
25.2090681489
8.94676821334
24.4602003146
34.8908433906
24.9355186336
34.7924558257
-10.6122300702
27.8949762261
25.9258784586
21.2835629506
25.7624496518
-5.39644293162
20.4968297358
23.7893240402
27.4770942452
23.6778794968
13.1080914276
24.7920261737
15.6374646432
58.0628725824
54.9049450936
26.8612788759
24.7920261737
25.0157740391
30.2136406164
21.0549102299
13.4357288841
36.3761670089
19.7457306893
22.1425715578
22.1002445576
58.3545869789
17.9919447534
13.8716115543
28.2681941632
22.3962534812
47.0306133163
20.5443086795
12.5009489338
17.9928034815
24.0015311819
13.2757452053
39.0981992691
21.7198748119
12.0116351743
22.388335213
28.3259403224
14.5029147463
26.4321322206
28.0632115856
18.2523787951
61.8991937201
13.1627523302
24.128314885
17.9078616672
3.92731784443
7.3295224425
28.8484358503
21.9183175417
10.4019442202
21.9183175417
10.123300473
13.4357288841
27.4122149932
44.8178889168
17.7507338084
18.7124063778
26.7970469367
18.4100798341
31.9558688748
27.6335132457
14.8649047688
10.2237493606
17.9972630071
21.9249762641
27.3388286492
27.0900051091
5.16711780771
-7.20684031411
22.5408468411
24.8943972243
24.9276241545
26.4340880169
30.9563894236
21.484092368
-2.2963624076
13.1627523302
10.8393109259
24.8159093762
24.33015715
9.422795931
14.1510639504
8.18956903364
16.3246966613
3.29674066612
13.2757452053
26.3488532121
27.910842187
19.657912915
29.071366101
26.3984455873
61.5432367387
16.9388799147
16.0687231721
24.3055929842
21.8382542988
7.78420797335
26.7384189846
16.4287163333
30.027154624
20.9761608259
37.248084898
19.9124794844
30.8955688595
12.6534826648
27.8351876349
24.4324633532
22.7838848314
26.1255691781
36.2072094308
21.7235284378
16.6424633838
106.80602282
34.3693132142
25.9725310642
27.2107356157
23.5164680345
35.4392458292
11.6036669266
32.9213597926
39.767652304
30.3898414796
28.142835975
17.6838690801
27.8641014826
18.8566641249
24.0611370363
41.1952606776
42.763841139
37.1193340731
24.1172949601
5.80361438109
26.3998448744
20.0295791185
20.4968297358
14.2757468411
-5.28303574033
23.4172545407
27.9841707243
17.3966327071
26.3564791859
26.9086452289
26.8705744869
29.2690579631
25.324483159
24.7868224018
24.0257269372
24.7920261737
10.0253385066
25.4384090976
19.6823682476
29.3840083917
30.3636299078
16.2285849763
27.4318022194
30.8621682684
23.9649634827
5.45565929558
7.1557383437
11.7816120121
41.8197012624
29.3755698531
-6.05810164777
26.8172569544
17.0430274093
7.91217319608
27.0412888587
1.88646052984
12.2396134226
26.9328062029
17.3199298725
28.2481913061
12.1930325169
27.7925497343
11.9383174685
21.4653939874
25.4654377533
49.3236611598
26.3000627993
20.172241264
25.4201922546
31.0994203487
0.0846176275071
7.70306854609
32.2212496325
25.5519904043
21.7172279448
0.124285711952
22.6305765761
28.1409118607
29.2504892681
19.2686788425
12.8910335824
14.2717120631
16.9471326321
10.9299826748
23.1750060903
29.4630707968
21.3205181512
39.744129108
29.8041214317
5.49302915045
27.0104675186
12.8825484479
31.416467571
13.4242151151
39.4050634966
14.3870168483
35.0751770928
14.7735823851
28.5047208845
12.7431488086
30.4804826355
62.4050461046
27.8678187713
18.3296189345
25.5823570321
9.1081035593
24.7809332448
8.06508699276
35.7687537021
3.57383276259
32.8546212168
26.4631026047
21.3448715758
25.3109657543
17.11946387
16.5701522258
25.3007378293
22.9421057104
25.7077104385
24.9355186336
-5.69303233051
20.2154753729
19.4111306345
24.4762710331
23.8318455376
21.5553240615
27.7925497343
23.8255851929
24.6701942392
20.7071930175
7.39408973915
22.1819734265
30.3636299078
32.4235338846
24.7058011785
50.1806408377
27.4029138868
14.4308641699
23.1880089171
100.705353841
67.022796234
28.194571694
31.2917546698
21.6802594353
25.8629589411
27.5748495636
19.3704865201
44.4363796605
56.1730346827
31.2917546698
26.7746554045
29.5061167037
26.1410195545
36.2403789613
31.2917546698
45.9457789405
29.1494305284
31.0302158141
8.30597710528
6.03413444534
13.8195102915
33.3345961417
30.5061821022
18.4658115401
20.2881333403
98.0727892222
1.18609541969
-9.68495693796
23.916604796
25.0502617912
24.6884015276
30.6107723613
29.5366123676
7.78610165665
93.417204015
27.021488852
27.5296876639
28.7418040436
16.3246966613
29.0439284077
30.2661567648
26.2448555248
4.38053678133
32.6431213728
17.0695244447
31.43866743
31.4721866784
-3.50967704658
12.0437583129
27.1286647289
27.7170035198
26.9433688283
35.8213443037
28.2169118636
26.9581674535
35.6649900914
5.21120611671
32.6227944309
21.8566147894
28.2898693727
28.5836878577
70.4974659651
18.5074037465
-7.93307959777
50.948241224
27.2814852303
17.1039502516
40.2810445516
33.9493020509
32.3599260826
26.9750707435
17.1311534775
24.8487411999
31.7328639258
23.6148412257
93.271121887
28.7829095593
56.0780570805
13.4134345123
3.90834840083
31.4206100368
33.5405750436
4.07516412977
9.50916034067
31.8273542559
7.45369141876
-1.99456611338
34.7623220197
27.439302722
-6.84345200315
30.6400733783
17.1798412497
25.5830884919
16.9317475963
10.2867030567
30.8530908689
29.4548622683
10.2473708697
15.9984632262
24.9355186336
52.0363484452
24.9355186336
29.2567918922
27.9297991409
27.3992912392
-0.282931354883
29.7888118891
17.2667603281
8.25318473277
-6.92592103123
12.9992459013
13.6996216867
18.0816385913
30.4775431761
6.15692032728
33.1831518311
32.1862655578
34.396296953
40.9292646179
31.9539029412
-2.85157860807
86.7951556851
21.6157657832
31.9672517371
22.5550866291
21.4523937488
29.1088683211
29.6296264487
30.0894467489
19.148080258
26.4913279903
18.6705339108
36.2973178777
12.3652745946
35.6882550611
28.9642573613
36.2675897119
18.1864493866
28.0627192
36.6440445843
15.4097897122
16.3246966613
18.4237658086
20.0545016679
22.2839120976
30.9926154193
30.9421619543
18.8385149582
26.7640106964
25.3495270346
27.2622831127
29.0415403691
34.84577549
34.6653921208
96.5917326274
29.5345160873
20.7894771868
2.22230265862
20.3522266289
21.8115983799
26.8133620074
26.0712253377
6.74364973636
21.1654833937
29.0675438441
98.1504687978
28.2210829412
17.7310219151
16.4107541692
96.2950054153
26.1074791937
29.3737536473
18.4414626982
9.52772216331
24.9711133972
30.3878221286
10.0290886354
20.5901227912
13.441147744
27.6271792278
21.3712767259
41.6855139382
26.4081537345
25.8729800888
13.4990385909
45.6445147103
25.7925815214
29.2410373132
50.9402653939
18.3495626783
18.0733459319
13.8248679971
27.5100343668
-12.7799159137
-10.8734852914
26.1539485269
32.4682506242
20.5787897146
198.71133027
28.6083952129
-2.3913562557
-0.407208076687
19.041267705
18.8329719137
30.7405697554
20.8054586118
22.496568136
22.496568136
31.2917546698
3.90925008143
28.9815239298
7.8648432055
0.220743002669
56.1543011515
17.8418147002
12.1600830031
12.0927652271
11.7561293319
33.4462025873
23.2611217484
27.7243872432
19.7523046977
18.4154887118
12.0773744115
34.5406575339
20.657648396
12.886176756
29.440452915
7.20959052187
11.9585910527
23.8231936118
4.32003355642
36.6263830741
34.8040981407
12.3896083902
28.2169118636
28.2169118636
32.0158326995
10.6802364075
27.3280199601
78.3172343525
36.3504813453
16.7716655136
33.4759537509
16.5061879632
23.1151470625
22.4350291572
-2.66550127397
1.37890043089
6.07480449956
10.4538969671
35.1614526512
4.03321777742
32.1862655578
25.5398732184
17.1624722868
-0.200023742005
25.7660050178
28.3229764305
37.4532538626
35.3410698865
33.5286491161
30.5683331842
29.627822535
33.9066216402
49.0620611856
48.7256688984
5.24063325472e+37
34.4332648632
26.941906977
10.5243682013
31.9989770026
19.6173000984
34.8068233195
20.8801254971
14.4022171288
20.2637549972
24.6681608562
15.8732374559
25.4945801516
4.54157931639
8.47911714442
15.8732374559
22.0196498335
17.6043974788
9.05483685435
20.079711779
11.7883588287
49.3252090329
27.2942120091
6.80946945447
26.5004775792
33.836285436
24.4740028077
23.5427319493
26.792898803
15.5781147944
9.87640214923
2.32970211424
33.9353550734
30.6416200543
23.9098949829
23.5604785568
0.441998756758
24.9708989384
29.4138558452
28.0732432699
76.044137521
-4.93428206942
27.5450538203
32.0600641611
12.5182480008
30.9436194947
22.0196498335
30.9245278652
23.356055295
29.7006762803
55.4812008848
22.1114683806
36.6346116183
19.2165093273
47.3281539263
16.2317747633
9.21876753384
19.3781227129
23.0177937675
6.44502296513
21.6567510443
20.0820375726
37.3987676868
31.4957180609
36.5925533341
30.8544967287
26.112799425
31.1796423259
19.1188947004
23.2044262182
35.9646482198
15.8762567702
36.2693483899
98.0076048852
8.65510240064
17.4488297772
20.2726272082
19.7542306379
29.7545412844
29.0892365262
27.7654508318
27.3305288517
12.3859087473
24.8788880546
2.35279084172
26.5951376759
39.3914431188
14.2737641547
31.8246462992
29.9216738649
24.9355186336
5.29932571482
21.0544835102
15.2358611679
10.0581056442
36.6384634277
40.7711202214
19.1440031927
20.3070498815
10.7722922546
1.00295770556
20.5786613074
21.892555682
9.27872058324
24.6803579992
29.4487287733
30.5903738295
20.1771442503
30.4348769195
60.8335132701
24.4534539942
27.6491355757
33.2973245622
33.2973245622
-0.362958253332
19.516927664
21.8842518277
7.68504346004
32.6546486664
12.6941483009
14.0672708988
9.78618622147
17.530720457
19.792903465
28.6626142047
29.8867331421
21.225956211
16.0243141586
15.8732374559
18.6874803028
6.53730560323
12.2707963705
47.6820452155
23.5808527455
25.5675164923
25.43017103
25.0288061671
22.3073258881
38.0506014292
34.9622993382
29.4006021194
25.0608589642
18.5878908398
25.2850898218
24.2583715044
21.1557185011
-0.139761128598
29.2030330604
30.6033938222
27.9414143356
30.3305930674
18.1914496103
30.1542540683
29.4153645249
14.5306761574
17.8228235028
42.0184844988
27.9580605159
19.2054161831
6.06893878128
29.5905107048
12.9602378085
13.5504189773
35.2170337526
28.790880099
16.2516529098
33.4644732238
25.5817690795
16.6234349163
13.6443626545
31.7366738831
30.7753325365
61.1022900552
21.6088568295
12.2523931572
15.5610178489
16.6627476952
16.2367159714
17.0110895333
22.1049619597
10.8175393196
17.3881054659
20.11653356
4.95505267663
20.11653356
31.5718426631
29.5494954514
30.3348029657
32.4327238433
10.8939781523
12.7469124744
17.0420743797
15.3603543419
28.571050648
9.27872058324
33.450548815
32.0542889822
18.2587362224
41.8131230155
23.8285764514
15.9459915019
36.3723265349
34.8521430092
19.1736971916
11.1930423534
22.7664884437
369.520272676
-1.97810102792
17.0110895333
29.1824152
50.0303247082
25.3161130356
30.7688989893
32.2848550296
23.4623323246
31.1034533432
61.2866155393
93.1338241883
41.2469345914
29.4917803801
36.2573805219
29.5631145071
38.2796563764
30.509638403
24.9382907036
22.6441602355
9.96300114685
25.5211834675
29.3980748537
28.0452399359
27.0845961235
15.0499623574
77.9039044463
28.9670681862
32.0726479645
33.2207556449
14.2338273726
37.6394125968
23.8261175315
30.2161394816
23.7551829024
20.11653356
15.5042452
32.1612843707
34.2192189503
26.3326085036
-4.90859738516
12.5837020465
21.6035766661
21.4647220861
23.0263408292
26.9385361212
32.1273164804
53.5320408632
53.5320408632
73.6976662311
26.3211309235
39.6636643437
22.4714260537
24.2172925415
24.2583715044
41.2314226812
26.6845042895
28.8852278234
3.51294020887
18.8280610864
27.0842796513
1.03155753754
31.9440398632
16.9768650707
12.7469124744
26.3056510535
36.0661531272
6.9278260558
29.9413107519
35.4914339316
-2.65428087961
2.88534704337
34.7579751549
-2.41059592317
31.2683027582
29.5360076927
9.83945089145
24.2994164112
28.8109202859
40.4784272686
35.0188735651
19.8751890469
18.0460359746
26.0991846094
17.6979913444
17.7743759962
27.3938417253
7.09162058207
15.9942061536
33.0966131666
25.7019928936
22.511129367
38.0399576931
30.4510792713
32.4588568167
27.9912076517
-0.394579973616
6.63347825742
17.6979913444
15.1867210135
26.6571179566
24.9355186336
19.3716936612
27.3678716208
-3.51751354969
5.85432332163
24.9506809181
26.5635298382
28.0173644054
33.6926863408
33.6926863408
34.7265651451
31.7761336687
23.7973896301
13.7893086618
17.0110895333
-3.98537479911
33.1765964347
33.1765964347
27.6564655958
21.6694395899
10.5220958376
33.1251390416
20.0556590479
16.7436804945
25.9998018305
25.9998018305
16.9084153557
2.38235950104
21.4422311888
41.547287258
25.8637970741
30.5282352155
24.6188263016
14.7524505572
29.1361323582
10.146040303
9.73927943863
13.5067964977
29.8367140148
11.9778555662
45.6856634146
16.9084153557
25.6478736501
17.0110895333
10.8012529182
36.7293153388
31.8322753308
33.1251390416
31.0994203487
10.0360036161
34.8730933495
35.2833891883
20.2168979917
30.6205043826
35.2833891883
25.5096834794
9.91164631444
29.3749140019
11.7321084698
11.7321084698
11.7321084698
18.9102304087
-9.04944332076
28.5815253684
58.7699434742
29.0168605476
29.7415084671
11.7321084698
31.7398592101
14.6724705155
33.5405750436
25.01755225
10.4723699334
10.4834375254
12.9136081159
29.2547658468
9.27872058324
24.0962381821
37.0847079133
11.7883588287
24.0325203018
31.3568081938
24.962273689
30.1644522166
8.3871554029
32.8966584313
13.0463640281
34.990414853
14.2316873528
26.1130923208
23.9358563443
13.57472376
21.8482960905
23.2251143088
12.9136081159
36.0795747999
-3.75393343462
-1.82673806425
17.7014209689
21.1417770617
23.7245044645
17.0386350361
27.0842796513
12.9136081159
25.8895803568
16.5374299485
23.1009283993
7.64452527333
12.6272424445
26.7685593822
17.6091998806
36.1069540408
11.4097656946
10.1603812896
6.68117374566
12.8930347168
12.9136081159
14.2840907537
10.6887084659
25.8836395059
16.4541369101
12.9993904066
33.6893233942
32.403153001
24.8199258459
16.3614737772
22.0196498335
32.6143186814
32.1862655578
32.1862655578
24.7920261737
16.9782989301
16.6211125436
32.7698193881
34.4230378666
16.015494327
24.7920261737
20.4081844426
30.907123514
19.7467039298
25.7956457357
28.2206938159
28.7009466682
-2.74043649285
22.8062099834
27.669318642
21.379332179
18.777782298
24.7920261737
12.5175875961
0.518009911457
10.2950275672
0.852001781093
10.5758075773
17.2500007439
8.46579412693
9.27872058324
18.4874202833
9.07707366346
11.5778096908
16.5831463918
11.7321084698
44.1300094394
