16.886420023
30.3630937537
39.4786710609
61.4698496756
99.5768459286
18.8046243184
15.5649144106
46.1955189294
29.699073174
40.2543562943
9.51696113828
13.6981468182
18.3275073805
15.7691747781
17.2670301069
11.7321084698
44.2106792705
73.8598786602
34.9728377969
23.9105425916
6.50295852473
29.4446527142
29.695551959
22.9183094733
24.3257698275
32.5709456685
12.4153061594
8.40566234155
-4.07426071849
26.4883193682
-11.1197927838
31.4368254859
26.893019308
27.4899838546
3.51742671996
-5.94394274154
-3.16049747493
-15.4960498631
13.8059527353
16.5670526485
14.3859345026
23.7746514431
16.3862906479
31.3137699312
35.7783908933
25.7377413791
38.369424248
30.6634701063
32.6919683838
38.6490584378
35.60682796
35.4461751785
34.8909555443
35.8350169992
38.963739107
21.3240960003
10.2140009117
10.6003202282
13.7892649979
12.1037229261
23.6848698948
23.6848698948
51.4524820455
26.7419231358
89.0247543823
32.6747340686
32.6747340686
29.3865212082
58.1253688137
35.7479674062
10.1344064275
21.8893863917
23.1221844092
23.8781211759
35.8471075686
28.2797851766
35.9908308034
21.4417544237
20.1965076913
26.1709443369
17.172987384
26.8871765835
20.4070140188
29.8396358316
21.1193057999
22.5882491263
50.1806408377
21.3832158893
0.778222891578
27.0195113899
22.6455451007
16.5784491945
15.3331178659
11.5367129706
36.3488760239
43.1910119427
20.4369874104
23.2488128339
8.75476383429
25.0624026587
24.9355186336
42.3783966051
42.6483943659
14.6449844162
2.83339474058
24.9355186336
37.4112390144
14.3868944474
-1.68956421273
-1.96734529513
25.7613420416
1.06882333082
1.06882333082
1.06882333082
-0.856066801528
-3.85580634868
1.06882333082
1.06882333082
1.06882333082
4.05507930373
1.92964382103
-0.99503657403
39.6906125551
170.838685266
1.06882333082
-0.394579973616
-5.66975535375
36.4085743833
0.77740083686
-0.99503657403
-1.37155204752
-2.22078649198
1.06882333082
-2.92526429689
6.82681274328
-2.12908042434
2.12154025643
-1.39071232907
1.58379031599
26.6844051096
1.35232812441
74.9014055429
0.810385796737
20.162492723
36.6994854805
39.6407780282
11.2602043322
43.594460715
9.27872058324
36.3593654798
-0.32932820614
36.3593654798
21.445488183
22.1299164664
21.445488183
26.5040205616
21.5888780341
20.9790703518
23.34892677
22.2793515975
25.1383082778
19.6240065062
20.1956192762
21.9789216657
21.4992810341
24.2521116037
19.4593805364
21.0740253369
21.445488183
21.445488183
19.7128242389
21.445488183
24.9688261348
22.2939266469
20.8087109552
20.1765005193
23.1246206338
19.0112092654
21.445488183
23.9794862512
25.1005625338
21.445488183
26.4670735419
22.5381036782
20.2775029668
20.6645946798
21.1468684533
21.445488183
22.6972221059
23.927072163
23.4134565343
23.9551264284
23.2762064025
23.28432832
23.013819856
24.5469216896
24.3668947874
20.9608798775
23.9551264284
22.9660552212
23.2713663807
23.1541011643
22.5742231055
19.2142176105
20.3155044969
21.3687398082
27.2673035103
23.1266809663
13.5801301475
23.9633777793
21.525516565
21.445488183
25.4271382432
20.3270991602
24.0973777993
22.9997524897
19.9153489007
21.2709078724
23.4286838938
19.5189258994
33.6220788026
18.5897830283
19.6639842199
31.6909121338
24.4543882592
19.6274663784
21.3816602095
24.6405084848
19.3770070804
49.2307300261
18.2877778616
20.939419113
17.8699558128
19.7935631416
21.3885149439
22.4080030418
24.3209685461
19.271418736
21.5151287743
24.5239807431
13.0505698523
20.1605549856
25.983337063
25.8930482435
21.803387425
20.1956192762
22.8812105595
22.8934416045
22.2051677715
24.1476752388
23.3829544342
17.1904989828
17.2708422903
19.702568043
52.415629437
25.2356437711
22.0286724614
20.044573971
20.8786231626
26.1189381729
22.2430315364
20.1678303359
26.1595712025
18.5008134407
19.1056796676
19.4019366609
26.3747559064
19.6806601454
25.0573216869
45.8944288103
23.9551264284
21.4527635333
16.7685513957
15.6928407437
21.4816730792
22.5830124194
22.756279577
23.2451684654
22.670193231
-2.48295948307
16.3752522673
21.445488183
48.0215388372
20.1605549856
28.3125022782
21.3525178345
19.2716630821
21.6785264559
26.7907617603
40.4645362649
20.1605549856
14.3600067839
24.2519556959
47.9777792343
21.7370408677
21.8018134853
12.3581061993
22.3760115609
20.6243899064
25.7463465863
19.366135187
20.9984424619
20.3480373561
18.7625658426
18.092073883
20.1605549856
25.2311239252
17.9620731223
21.039985495
20.7019961855
19.2945565691
23.6353070725
15.8572824414
35.995946298
27.4452819783
21.445488183
22.3637170903
15.0201555521
18.0352337848
20.4796807145
23.7571384246
26.6917095707
22.1877478149
21.5227200087
19.895834299
17.9622438852
16.8604857088
17.3080512877
20.1605549856
22.1080384313
20.7418834434
20.790629684
24.7682469498
19.9938702595
0.325331333378
22.4744572075
27.151297915
20.3015152008
17.3169172007
34.8919571441
21.445488183
23.3814896377
20.1641142828
39.0632872544
20.1605549856
15.5690473568
20.2101386877
19.3603888501
21.0281166223
12.8385393227
18.4278910415
20.1605549856
21.445488183
18.4274262052
19.7578702546
19.1332703677
25.3463341365
20.3015152008
19.8090302233
19.8320590204
10.0023554209
30.3792993178
21.2024097434
25.8985111542
20.1605549856
22.5240861659
25.1156617749
25.7758489829
21.445488183
27.2403578079
17.9622438852
19.3669409794
18.5967939426
9.96042323607
20.8570280449
10.1776087949
19.4223801684
22.3016921429
18.0263626853
29.4278300722
24.6167730394
10.0023554209
14.1037246495
21.4784228453
7.47843821416
21.445488183
21.2544758309
20.8674749168
17.1507019141
13.9825116721
21.4774107889
9.52450815353
23.9551264284
20.5250818457
20.7957824893
13.4575449041
27.751101745
21.192167701
19.6042936738
20.9300916689
13.1432399055
11.1282332348
19.1375958525
9.16395815493
9.26354903716
21.52164975
20.1605549856
74.4034200434
22.8682463488
17.0238331229
20.5487331237
19.9811820008
15.2203677839
20.7004283633
21.8504641902
21.6602522061
17.9622438852
17.9622438852
20.1605549856
19.4044253491
27.0002077419
26.9403332185
19.1332703677
20.1306085959
7.15398923734
20.6343109102
18.2612912128
25.9658212885
19.5926926926
28.2442984224
26.7257221628
19.5564553811
50.5801967317
23.9551264284
47.9762498215
26.0028309758
19.7333932909
7.36809442848
21.445488183
20.5753314403
22.0558418649
19.491380465
25.489468808
24.036477184
20.3361126837
13.6165680542
20.7687336694
22.5358462466
21.6327713522
20.1166075277
21.8658377198
24.5176052237
22.4570537311
20.0198543872
31.3262100176
31.056443878
15.4181870516
23.9596669142
22.4224479698
26.1533746766
18.663261164
12.677150366
22.6545280087
29.8516735759
21.8227886735
21.7880757188
27.7713491502
21.5989820872
19.1493376053
40.5273199242
18.4803978863
20.0049182812
18.4766977272
17.2824940695
18.8233706439
18.5859250132
19.586636877
14.7612986822
13.3419653313
21.4255771102
47.0463692066
14.6202448607
19.4252644985
23.9551264284
21.445488183
21.9167638414
25.0891151707
19.9787774034
14.7932060892
19.8058388309
50.5801967317
23.4878787092
18.5743465764
21.021763603
22.8211818704
22.7321579811
9.1465426798
20.4478879573
18.7867123187
25.1504284072
21.5898217322
19.0283014303
30.7881151604
21.620741557
20.7451897494
22.2746913114
20.3565361584
23.0470369321
9.37476114983
12.5521758486
21.6267493079
21.7281050927
20.5375295274
24.4016294724
26.3372085324
11.7617134755
21.6710712503
21.445488183
25.5843846724
14.3197788178
21.620741557
20.5827853909
21.2182250625
15.5968832574
21.5916428797
7.93955855234
20.2123308052
8.55898306121
21.6394916803
22.670193231
24.2339815815
21.620741557
20.9028780064
18.1613996342
23.431872005
19.5376159972
10.0771640192
17.0923033388
19.6289487228
16.0962143686
23.9551264284
21.7546722485
20.9407627409
23.3357393467
22.6586013449
9.83137877119
20.4936889794
20.7196009339
19.4423953857
25.0056908137
21.1343233483
10.2737894864
27.0896398314
29.0048998306
37.3229990375
30.0455551417
20.6501864061
19.8307110665
15.9776508167
10.0728774181
21.4659059865
21.252292682
17.1481306563
21.620741557
21.8492104986
15.8256252818
25.5304398515
20.0066032029
26.858978798
21.1324475497
24.0554911535
21.1898198102
31.2485350875
34.169941692
40.9590613293
24.1994261365
19.0351906532
26.4516850441
25.4710130306
29.5541068871
17.6790371217
28.1408479262
36.3593654798
21.6867066917
8.31770714605
21.9165211185
22.5919526421
20.7748188617
13.4575449041
20.1727741545
20.9987825844
21.3267956125
23.1267121321
22.8322692711
21.2749806523
18.2079500537
12.4079724211
8.13814957636
21.3047875846
20.0164708803
20.4540606839
23.8766477228
15.8868218407
19.2421007407
22.2437359108
16.2533829371
20.347477169
21.7917939252
24.8049531947
19.4801650123
22.8413520732
22.7808428514
23.6063138461
21.4676250307
24.3383605088
17.7115346269
21.5197857151
19.7823714849
12.5119936663
10.8204585719
23.8525279875
10.6743305316
19.984917665
20.6464995698
21.0155719176
21.6517366491
21.6234819393
22.220888707
24.6804243686
12.1671985642
24.0605969013
23.4143317759
13.3112510379
21.0343165055
19.6308190459
-1.37155204752
19.4013233511
14.1785759755
19.7333932909
15.7618913319
18.6001277379
22.2706446055
21.3834341659
26.0935721331
18.548685233
10.7372051762
20.7915587362
22.0256272081
34.1776135436
19.3235556073
20.3609428459
16.2793683743
21.4441004358
18.9407167663
24.8526732363
26.6877853466
14.1410829547
15.8781104997
22.8037909912
21.2534374686
22.3829149719
15.2203677839
15.2203677839
19.6657261178
20.4471054176
20.1795848281
20.3026998688
22.1797007381
19.6337709789
16.4827134432
13.9728882611
20.7019961855
19.8228665214
14.3254886355
13.7562751121
16.5638394083
26.0644258568
22.8934416045
64.2434346801
19.6504130282
21.4905109496
16.5732756055
27.4944427949
19.9589296912
22.166782918
21.445488183
13.3211496508
20.2513561922
23.9533692203
12.346422607
21.1850105087
13.7602916525
18.6371218025
13.6429504001
27.5931837387
18.8603628382
21.2145581761
19.9835085603
17.4990947142
18.8928997055
15.2203677839
22.222361758
12.3702058161
51.4945513748
19.6204791497
18.4009315849
21.445488183
25.1994108314
20.1605549856
23.3188149563
20.2548725908
20.9472112171
20.4095358461
20.5216178772
12.9571281626
19.5035198948
21.0540707818
19.9454136193
23.2348153637
12.3486299529
16.3400000577
17.5986582383
20.3633486011
11.8836389641
17.5230814475
10.056284548
20.5370704591
19.401801159
18.6141626468
22.8782006913
20.8552374261
15.1266212173
21.445488183
24.315306238
18.5683907434
23.7189759176
31.82712777
35.4618828454
24.290158043
23.3222906747
22.5523260978
17.7430041534
18.780184108
10.828505585
21.8055234766
20.715821893
19.3296340509
15.1266212173
23.9551264284
17.2292282175
21.3248925446
16.6724158475
18.3719719631
11.7749908478
13.4575449041
23.017161577
18.8311578944
21.2987303498
25.6475903559
21.445488183
21.445488183
21.3028405332
8.94908875019
10.8838129045
17.8378990335
7.28229715752
21.0348505814
17.07019278
20.5222386413
12.397488436
11.2671119694
19.5462700499
11.0482269582
24.3263796383
17.0505537585
12.4986726205
22.4680361176
19.1582464128
19.8932366798
23.8955261751
20.8774966476
24.9852801747
21.3804145704
23.8399227248
13.2927893854
24.5934070227
18.5410735855
19.6806601454
22.2581237932
23.3872641354
9.83137877119
121.614542607
21.445488183
18.8311578944
23.2996327172
23.9300532222
19.5686647743
24.0614591997
22.070334668
28.9391668364
10.8567424217
9.55666552671
19.6204488483
20.1721571884
20.558208227
24.4692887793
17.8292380711
12.8400882099
31.4362044112
24.7287013518
18.5298527739
25.054109128
11.4806538183
24.2752409755
17.3365495019
23.7257390282
22.8925923215
9.80935350525
19.3603140051
15.6007362063
15.0544720392
23.1918410491
20.6689186511
44.3828058133
19.6107753023
20.1956192762
51.9764365417
18.9023406733
19.466194776
10.6424663394
19.5373722087
11.0509209996
7.27392823544
16.378638478
19.4648953453
20.5375295274
16.095530562
18.4756244533
49.2481575295
21.525516565
21.3725120539
17.2018877538
16.5786645973
19.7528151581
25.6638121553
20.1605549856
15.6981998064
11.0680663188
17.6166074902
20.5701092712
19.3510679486
13.0980881335
9.80246618246
23.399793321
18.1587633185
22.0742742482
26.2968797396
20.1861664486
20.5229151706
19.7333932909
20.8391952436
9.26213095789
-1.37155204752
9.62168429604
20.4871019694
22.2171064407
19.7333932909
21.147685049
16.2738936686
20.9612936399
20.105590344
14.684084578
20.5342947447
23.7629905936
19.3496876762
34.099857713
109.673101457
17.6014279399
23.8835637085
27.0493270336
30.0512693933
19.2716630821
19.8004701461
30.0313889563
19.0557953199
13.1013926612
20.9088837792
21.9145931342
20.4621636688
17.1124324502
12.8679368473
25.2767814859
30.9797841088
20.5193695152
18.7817422247
28.8861734694
18.1403129124
19.7296751127
20.1605549856
23.0493727413
24.2405621175
15.6239509727
23.8369544629
18.3597198324
17.1130208745
20.166916115
21.2001065795
20.6744130197
13.3593002031
24.0352738969
18.4965848866
23.4439323086
18.2046816929
18.6426144404
21.3412609805
17.3939876881
21.081984651
24.5922835947
18.1542261379
28.9474569321
16.9538869349
17.5776725999
23.2800847647
27.0801048822
17.734025586
21.6393391066
20.0431098154
13.4610838209
18.6723075211
17.2053240619
15.1555450431
19.089972941
16.3043409459
17.7667941415
16.3311223894
21.2153905673
14.3027052435
2.2579795523
22.6022982044
20.4182035651
23.7553545911
21.2571113412
20.9803515326
128.331654417
16.1252310878
21.9958020177
14.4213959799
24.2257554491
63.6031610531
24.2622052488
22.6176066569
21.4758255067
21.6110801049
23.8132109982
20.1605549856
24.8362428286
18.2496920032
18.4897358435
20.1605549856
24.3244959374
10.0023554209
12.1880220757
12.1953787227
24.6136957086
21.8136556028
18.8826378996
23.9200490678
24.1671452006
12.3170420681
21.9284462403
17.7460996198
19.3856903341
23.989012911
16.570361172
19.4996498781
25.4230868225
23.6904228784
36.6182741274
46.4535359748
20.1097585887
21.0997648635
18.7358259006
15.0272382269
19.614186485
20.9803515326
25.9757365868
13.4575449041
38.422967245
23.7841686223
16.8367571492
21.700686432
16.4735643551
20.3184189388
1.29745206529
19.4834661452
37.9550295483
12.668904522
20.6232258191
15.4208020577
22.3849913383
34.1345267048
18.2715295774
23.7499602009
27.0923452095
35.1960627907
19.5075429298
40.6332048235
19.5459921657
21.4454386572
14.7770805226
12.2212839987
19.4847196843
-0.366909409275
20.4596089239
16.0307334015
8.00897728097
23.7533881972
12.3658866012
14.1135280323
17.8664326795
24.0330053901
15.8713946284
19.8371403734
25.7020283852
43.994460222
12.2569042726
20.0649054752
20.9803515326
16.6606481301
26.2945904842
34.9258881388
20.2073374096
37.3174774398
33.89638247
9.05927020425
23.8604446133
21.3047875846
17.3306263687
22.2900434261
36.9604706056
20.9803515326
37.2183597089
19.7589478119
21.0170589367
24.1609153336
21.0444001282
19.0702251704
21.7231276017
21.7170453004
39.1279123729
11.0166389276
22.9142103361
21.3988459934
21.8750077981
24.6429806472
24.6094204286
14.9173347853
14.3552776421
20.03368182
9.6363638647
20.8392369208
24.4110177627
19.4036124724
20.2584881709
24.4150540218
14.4695849503
39.5787397221
16.9676112821
23.2423660014
22.2774385266
18.3939467096
20.4639429305
39.1279123729
16.3164788952
23.8373826332
20.8773034746
13.1962829694
20.8338931596
34.9777927261
20.9803515326
23.3503026573
20.4987963044
22.5899778976
37.8244680806
34.6827584036
36.6343502728
37.9430317046
30.8591756379
21.0807862965
15.670072052
18.1606855453
22.5292015006
20.7283884698
25.8114868246
38.7867605793
13.7482233336
24.8418448472
22.5330186145
17.7220995191
20.8344984839
15.8107024067
17.6878696206
8.16510816972
23.7810949662
16.3814319566
19.4026463398
25.3783767807
7.9686839867
22.4283049541
20.934577249
27.9227081694
22.3443825217
12.9915325807
37.5389358505
37.3332892553
11.7749908478
35.9228260604
22.501573619
0.063300527068
21.8477593431
23.548907727
18.540538349
25.974838281
21.2266629134
35.9228260604
16.1935961174
23.9551264284
0.52280212163
16.7695193829
16.3043409459
15.3956211579
35.7665870576
23.5757139509
35.9118110857
23.2864845335
25.1133045022
38.9999150573
33.3985730356
18.7681291981
28.7667222507
13.5482286906
16.4593018395
16.4105585084
22.2804327085
34.4299615128
17.8103967634
13.3666437777
14.5812275511
26.8618755333
24.176516996
45.2618209643
21.5197857151
22.8286710709
27.6520281029
16.3176286384
16.2775525776
21.4527635333
19.676225543
29.4829796743
22.7938134529
70.6597187122
20.9803515326
20.7925989659
20.9803515326
25.0085493334
21.445488183
140.605033984
20.9803515326
23.489989778
21.445488183
4.48329295729
26.2322876513
49.2586844984
26.7517524746
17.8451448856
25.9040688485
21.445488183
19.7895894702
16.9439060524
19.5151096399
19.5140950577
19.7128242389
24.6696464695
26.0858898397
18.8726779606
22.9813710642
6.70145289134
22.5155028219
24.8602506094
22.3226087129
20.0274993122
25.4848807607
21.445488183
21.4527635333
26.4005949723
23.1314826399
31.9886102009
26.8865714411
26.8266969176
31.1295123041
22.3532463432
23.2394845724
19.5497448624
11.4863081482
22.3416907344
21.445488183
24.1999463042
19.7017124862
24.6908920995
24.0808549489
19.9194945334
19.4641573559
39.7640875258
19.4949890446
20.6383870081
24.0491336804
20.1050007004
22.9534810888
24.0808549489
43.8890630132
13.5169910908
20.2649348199
20.5176175736
25.9271751087
15.3718206755
18.6208750467
44.0557617149
5.41682629369
16.7989270509
16.3740221915
21.8121551293
24.8271152462
25.0689685426
35.095784265
26.06576351
23.5615025196
19.9527649962
25.191441448
17.1600034755
19.7787922354
27.3698816591
23.6830998028
22.6686743931
35.7990460346
20.560836686
17.1451184827
9.91342162085
20.9165180249
20.104659151
26.7290327521
23.927072163
24.0024112857
17.8867171211
22.0033086154
51.3136337683
13.6057720949
21.4704183483
128.240524002
24.8280840272
24.3925901054
21.445488183
20.5753314403
28.6589759743
17.0616239787
39.1581466755
20.1140793859
40.6823788972
21.8221202213
8.61509499388
17.588680581
21.3273878693
25.1218855777
19.977143738
43.2502547582
15.3718206755
20.9803515326
140.605033984
21.445488183
26.7290327521
21.4734053909
25.4323310146
19.9589842828
21.445488183
22.3637170903
20.9803515326
38.5704638654
19.8622197216
20.706438974
19.1040985909
15.3718206755
22.1068905846
23.7342894861
25.1250285059
9.73695692024
17.1331635431
19.7644470754
25.9040688485
1.29745206529
21.7627961914
20.8397594053
19.7314565646
14.9066840251
7.71849716264
15.6655596777
22.2095386839
19.1490492347
38.16642402
23.2381908346
25.974838281
23.3701971903
21.445488183
20.9815284299
5.70132334034
18.349309792
16.357705474
28.0782172273
26.9766514994
25.2606120161
10.9947249338
17.1841465987
22.3623726821
22.9246453179
29.3481687731
40.7188142171
11.3766617556
23.3715010098
21.5087665659
23.9263880226
18.8740988028
35.8192205855
20.5373111578
26.2434122561
25.3732555135
23.6171074416
19.7345024041
21.445488183
26.949014844
13.2500927619
27.7925497343
18.8934789199
21.8061875657
22.0286881198
21.4565290837
21.1936107512
25.5107920337
20.9803515326
124.494638098
21.1321192037
58.1075711281
9.48801143559
9.95803603049
17.1310185649
20.3525255391
27.2083005733
0.521245271978
80.9911625339
21.0991253415
27.0138754199
25.5359468192
21.6598201855
24.1681013745
18.5453971615
20.7734841752
18.2412040525
21.8209353036
21.6608603707
14.628725833
18.1053201155
11.5125785839
25.4784402614
26.2488688075
17.1765351735
20.5272872508
26.0589108335
31.5141022672
23.0532455633
24.0081365246
21.9660704601
13.3263166611
15.6829521388
16.7494035285
20.4236324278
16.7725430787
18.4930103079
34.566195477
22.3519294872
21.445488183
13.4487412856
34.0305064024
21.445488183
20.2989814809
17.9622438852
30.9274532307
22.5771113017
20.2265694021
23.0046358867
23.8410348052
15.5773044129
18.2717154699
24.0905014571
14.7629225244
20.4616351142
23.2507348141
28.5888910043
20.4170431061
25.7817408696
16.8071933013
23.4969849559
21.445488183
20.277447595
20.1605549856
21.445488183
16.0313810737
19.5382019671
24.3946417457
14.7875028039
26.0438897579
20.9803515326
36.897919625
25.0946060569
29.0221054281
23.0448095442
20.0666698678
20.1782722515
21.445488183
17.9286921596
21.445488183
13.8731608298
15.7966058689
23.7909691141
21.445488183
41.077589153
23.2254464923
19.6919480826
20.168927025
23.2686919673
17.3440125914
41.5349883146
22.8934416045
21.445488183
19.2203158147
5.8072181653
28.5271812887
24.7982686013
22.2449404478
30.7831710594
23.8202845108
23.9709154777
24.7414951632
20.5217301082
18.4526172499
40.4526069981
16.7220371105
31.4087866271
22.2370070255
37.9019160941
23.2787767684
22.5588936778
20.3906443749
18.8384079632
26.0179971017
15.889486259
23.7381739575
34.8404129021
30.4613714029
15.7771364873
21.445488183
27.7408127284
21.5937234169
21.2468054246
25.3048858835
19.7758811427
29.6911318988
15.9783306534
22.8655930007
18.4651617041
25.4537070979
38.6290652807
38.010355145
27.0277878302
21.9767871376
22.1656789153
21.7334802171
23.181866161
14.6521220466
24.7138644261
15.3809777306
24.5021871799
23.8410348052
18.7751026326
25.4537070979
10.6900246894
26.1705977145
20.5686026009
6.7406724068
23.7342894861
21.9265597424
21.620741557
37.597904026
27.3727512695
19.1870681639
20.3105311012
14.0141403649
20.9803515326
21.2222387029
23.0354998009
21.3557986532
18.6645777454
24.9644441753
22.3710905523
129.116915439
21.656657029
24.5474970876
19.9603151274
28.6343056895
44.0559143071
16.6111068036
20.9803515326
22.2407987618
21.7034346571
29.3488050361
22.2834254421
20.168385464
18.9332744205
21.1556049066
42.7808374027
36.6182741274
17.4902894103
39.0282786611
35.2814905405
22.1292891491
20.9803515326
24.7215625638
29.1944694312
26.4121529205
25.974838281
25.974838281
25.974838281
22.7653343352
26.8994930575
18.5799379621
19.8725387266
27.3717312552
23.1633748595
22.3214235542
41.7995345281
21.7304419049
27.5991463033
15.3884947217
80.2556407286
27.4279695994
17.739502555
15.511622856
22.2073368726
21.445488183
20.5753314403
21.8013165393
21.8609223951
22.2525971948
21.445488183
20.5753314403
22.0534201399
14.4972561676
48.4387518241
22.2458329503
26.3666663642
22.3033623548
44.5700128756
21.445488183
24.5090584358
20.6324308909
23.0026441872
10.8270716261
19.4290766239
18.6199594957
14.7932060892
23.6195983502
22.1620180374
13.1175571115
19.418217859
21.7304419049
36.552999753
18.1273368451
14.9131372132
26.9140136764
23.8373826332
22.6361992398
22.7751891557
21.445488183
12.546377814
26.2388219337
22.7758738895
21.0358216736
21.3820959222
22.276910359
35.7459011295
26.071652467
26.3745340516
16.5819639577
18.7713225469
23.866525176
19.2620598792
27.2052974391
53.0331708599
25.1286719704
17.587745712
21.3852802826
23.6064521655
38.0417598688
23.0719498805
24.6672701961
25.272677465
21.2207913332
40.0637440388
25.6140025256
29.8938357056
15.2637309186
47.3803389451
25.7463905514
20.5115795687
18.0041600756
26.1254011409
20.9374244763
15.614139138
27.1694752529
23.9385315523
25.6150250417
38.161105276
19.8719530753
21.7304419049
16.3879298227
25.4537070979
24.7522632062
21.8477593431
30.1022519307
22.5909242883
24.1356728806
28.5189819097
40.9390281877
26.7163667196
14.2531942813
22.3128959935
34.4375974368
22.3534144947
20.1307914913
15.2268122277
28.6221554229
19.7128242389
16.3061519446
22.0684607728
25.1264703587
23.2447694065
20.5565962795
26.154892974
19.7333932909
19.4549362246
31.2902133888
18.4071168102
14.6454173326
46.0775335526
23.9729758861
22.0196498335
19.7149960168
24.5368742483
14.6079608685
22.6582211119
31.3034249322
19.2192153072
19.1105881504
18.3715030553
28.6906467807
13.6971208488
22.8934416045
21.8184158184
4.15448316596
25.9605824505
27.6780800386
21.0877875965
23.3055824437
25.8890076563
18.8042046849
81.8467426968
22.8368757
23.7210765028
16.0366921711
19.056095064
23.1814340697
24.0353007994
31.459768083
22.913957092
23.4394391341
24.2740184341
17.4885765915
20.9803515326
145.326857605
21.4527635333
15.0854786098
22.054752793
19.7263037181
27.9420028736
24.1762054242
26.4421141021
21.445488183
20.5753314403
20.9803515326
127.750457187
16.3722077549
24.2390075009
21.9056952789
20.71845165
21.4110442855
32.1305929032
25.974838281
21.7949159067
19.5898202295
25.7427863505
20.7066882706
19.7670967545
18.9700784942
34.409903915
8.81332567571
23.9551264284
22.8753294466
23.9551264284
23.6798721407
20.5513191906
30.730551996
37.4681973601
21.3002390891
21.445488183
25.974838281
18.2662796746
25.726899568
19.8246183275
28.859411212
25.4332319778
22.742575177
48.4660230107
24.6321508475
13.098988562
21.8477593431
18.0709706323
32.8292718048
26.3211149084
22.3344005678
23.8461870501
20.3758087353
30.2391995656
21.4527635333
18.7334199215
20.1872359656
11.8527152293
26.2804959687
27.0198304057
23.2802022573
23.6434062997
23.6445134877
20.1605549856
22.5690673515
22.1458878821
27.6081737739
21.1704066851
41.6834403867
54.9938643079
26.8073624011
24.6569664066
22.8878177131
21.011625725
25.3298117967
62.440394694
24.7556570427
30.5306275942
28.3802315996
24.1792176696
26.4914934353
21.1005588133
25.3227871456
25.5901651563
24.5905809256
18.6014680722
22.2143543805
22.7516163554
26.872385089
23.6817021411
11.4242542609
1.67396753878
20.9803515326
25.484245027
19.899824879
26.3519511668
33.8523295176
25.974838281
21.445488183
25.0598023165
35.3058204692
21.6085084071
18.2019063156
17.6324681763
21.445488183
22.3637170903
27.7022049857
22.8362272027
23.256810905
20.6155995269
37.5039441624
36.6182741274
23.4863086871
22.5101518527
20.8256239837
24.414868523
22.3710905523
21.445488183
20.5115795687
24.3390633787
35.9468986739
23.4413216062
21.0298831193
38.8279119119
1.74885428389
19.9977779608
58.9816524162
34.2884371175
17.6229740371
12.3053564665
21.0517773947
14.5716770018
22.7989884921
28.2785004468
22.5789374212
19.325759194
24.6345075335
44.0098772854
27.2524011911
25.974838281
24.5195691921
19.2476875885
28.4108148421
57.4814716716
20.9803515326
127.72617642
33.5383467452
22.3710905523
129.116915439
19.7128242389
20.7423443517
24.2370266008
25.7897706309
20.8545837895
34.0476316664
18.9044316944
16.4189530085
20.858563348
17.4002246124
25.229207649
20.3802286093
22.1770097089
22.0459886535
16.3043409459
22.7109624033
17.9256573852
21.6082064124
22.5936985167
24.0369368263
18.1864690476
21.9992620831
20.6079862576
10.0023554209
9.51080735031
21.445488183
19.9457139025
20.7757945593
19.7667529361
23.9239545766
19.2074401551
11.9417451723
15.1194602776
19.3355230514
3.51595367829
22.6981644237
22.6726524774
18.4797728165
16.0783946551
23.4619355126
21.445488183
33.0669226707
23.1619511054
16.0057187962
25.974838281
25.974838281
21.537260156
5.79369699565
20.9803515326
25.5570298018
16.5176586158
26.4005949723
20.9803515326
17.7766854663
15.9546681187
22.8068880492
18.2597423493
22.5930850808
29.7482427336
21.781055901
20.1605549856
29.1649061248
22.2087150679
16.7694781887
21.8780339628
30.3293722525
18.2962460654
1.95937906342
11.0330726494
21.0258065615
17.9556253085
18.9878142877
18.9878142877
24.762568296
18.9878142877
14.6419708543
21.7304419049
18.9878142877
21.0679010224
19.9995390694
22.5067205327
19.816796853
1.81473445722
23.308105235
18.6393855521
21.3131338231
18.5873761579
20.1605549856
32.3228659074
38.1612421378
22.8803144807
18.474521434
18.0982957336
22.2654353352
22.3178128456
23.6695037165
19.7256136527
24.2606162183
18.9878142877
18.8668503447
27.8876619856
20.4822191635
21.445488183
18.3049591975
24.3025192836
19.3023838349
21.674719279
39.4753052281
20.6433225867
23.1890006781
21.445488183
17.472443255
21.6464747052
17.5363292319
18.4186997606
20.3146315534
19.0768269757
18.2764680412
19.4606242648
22.193990203
20.0549851223
22.3098423122
27.5148664336
22.8803144807
22.4908252988
28.4124132415
9.22057324519
19.2399257335
27.5148664336
22.732782332
25.1155868943
22.8934416045
27.5148664336
17.9300290595
30.3718975342
21.0163843818
20.0340618275
15.492811846
20.5763204161
24.2016044019
27.1554377626
19.14724628
22.8803144807
25.974838281
19.348858068
20.7849638347
20.3807174747
27.619133009
28.7277558784
18.1743950973
20.7869663292
22.9094383589
22.641518152
26.1487569314
27.051101086
24.914123319
23.6905066339
18.6028114395
17.3996609746
20.7443568331
24.6578311423
19.1381720285
23.1346501803
29.1079871083
21.7076859569
15.8885799314
21.3417008564
20.9803515326
20.4971188631
31.7163907275
17.5547025936
22.2365160553
19.0795862608
28.2076450514
26.0157076525
20.5565962795
18.6479628003
27.2038933238
30.5324793205
16.6284210298
18.8104968573
7.01343627576
21.8018525624
18.9878142877
23.426595659
3.01867161903
24.8929536988
23.3999984596
16.0528907188
17.4289518908
17.4207318873
27.3655773008
20.0681321594
21.4974525332
27.3002041442
52.2008382844
15.7497665277
20.5362746701
53.0919493256
25.2945807604
21.8056597293
24.1766878827
19.6316139618
22.0273518335
17.7040244828
29.0660410568
15.96154797
27.7135236936
19.3172348345
21.6431243032
60.5484601494
21.6683457444
19.1152371943
25.4716997091
22.022681718
20.947969317
29.8152759661
19.3231700041
31.9387528491
3.47690139168
25.8225662326
23.4949412425
21.0252084045
22.9698005784
18.5260998914
21.211735726
28.2281632644
26.2025260653
23.983718283
27.5148664336
25.974838281
27.8807085513
21.0519882798
8.84788794353
21.7772857531
20.0650438321
8.38275129312
22.9264560339
12.8561068585
24.2102661835
20.6345961973
19.7644394547
9.77349031289
25.7195624458
22.8934416045
23.2111153172
3.70674070647
16.5635847089
21.4621523013
17.732336958
25.974838281
2.33491352189
19.2254103075
18.3683792247
19.5536908083
22.1830836928
21.445488183
21.445488183
20.4175023751
19.1870170527
22.1682594183
18.9691639418
26.0173282846
20.246433649
