16.8049711943
18.5840086639
20.1275218718
52.7280288866
349.84458513
37.2519706622
22.873424506
22.0094118281
24.483151947
14.4339308821
25.974838281
18.5033678811
23.0049504164
8.30570658373
25.2000516611
15.240020464
21.445488183
11.0440834602
65.0429194023
20.8453652597
25.974838281
18.7968812706
13.6545342116
21.4948754891
24.4276803943
23.3930774587
23.8433991487
11.3361037171
27.3717972142
13.1809795816
23.3592185994
37.3389582026
16.4984788205
26.9519150858
19.125732429
19.2400687401
26.496529358
22.0194513225
23.589552304
25.1802729205
20.1054606659
21.445488183
16.0938539204
23.0756326969
22.8577426189
29.3865263579
21.8938339869
20.2571127292
15.0854786098
19.6426472783
9.87690809647
23.0253593865
27.2422243533
30.4244646968
17.0888219888
25.9673626481
19.7614891964
30.8460644412
25.6173333667
30.0672281238
19.6316139618
19.6316139618
23.9551264284
43.5915825036
25.4639949373
18.6582460793
18.8136592253
19.7218222025
22.2926171746
22.717254353
9.70912794457
25.4144345038
20.9803515326
17.3365495019
38.4640074019
22.4287158266
38.1391473657
20.0292814449
10.1827393676
15.636094949
18.7388888244
25.3926216633
19.0170390408
19.9147969345
17.5512112236
21.445488183
21.0183264883
22.3713434568
16.0388291933
18.5837917812
19.4436965159
19.1332703677
30.8899094954
24.3209685461
19.0946203728
21.6852618424
18.4174984552
20.2948116528
22.0279745289
3.50477576747
23.4469199871
26.6516978882
26.056916221
23.9995276428
26.1079942128
12.3035196381
70.1550605814
20.2369866819
21.7532803671
27.9175158097
24.3282351089
22.6949310368
25.4123099351
16.8936580209
19.1511104825
49.6935000866
37.9019160941
20.3384624101
22.7082428415
22.9330783675
25.0605966619
21.8350856793
21.445488183
22.0259449836
23.75445611
23.7116402619
11.4623141405
18.0250921904
12.7336441503
23.2712370745
41.7129028073
21.4580826906
16.8703910008
19.584389099
23.2386779125
20.1887926192
24.3363475778
20.378897502
29.5309682833
24.1852592939
12.6787359718
32.2070494826
5.36968807845
24.2780299047
20.7182734018
20.1925038807
20.1113949396
24.975884102
26.2528063526
23.9551264284
13.4575449041
21.6999262877
21.445488183
20.5753314403
25.0894142722
21.6847708697
21.6576610068
22.8682463488
29.0635107744
23.3839673744
17.2366631054
26.8037414314
37.2566046682
20.6880235538
21.3557986532
24.5619221963
43.964995509
25.7207665258
21.1918618781
27.5148664336
25.3481497234
20.9803515326
12.9758206822
23.2448419037
25.0115281118
10.4366164062
25.1998471501
19.9069286807
3.21800680487
21.1918618781
20.8456762484
19.026065756
21.688188995
27.3655773008
19.2172099795
7.87911028892
19.6771314857
17.3886176067
28.5434672595
26.3994366218
24.1994261365
28.7621499108
35.1043612169
24.9933616918
21.1250705921
5.37197010728
21.445488183
25.200080793
26.9413517033
17.0450760207
29.4332842288
0.251427602221
14.1354157862
37.0058292609
47.8884981991
5.89792966823
4.17126445852
21.6563072289
20.7267252277
21.1918618781
21.445488183
24.6505198746
16.090610475
8.28758821396
26.2153409652
8.20519810555
19.4443128355
28.5434672595
14.958744376
19.1511104825
3.71723945924
21.445488183
1.81967259567
28.5434672595
23.3949202153
22.0081415831
23.8310698203
19.0800991387
67.2003373265
18.6149624883
23.1225639648
3.5012112832
28.5434672595
23.0883180536
10.721305134
17.8265904964
21.445488183
19.0800991387
17.6767807223
35.1191052501
22.6238462489
13.9389519016
5.69712209132
2.0847616949
20.0125144461
16.4526295351
12.8549787396
20.4787445631
21.445488183
8.46978145492
20.4577297501
19.7278629003
25.974838281
2.35285274006
27.1085218695
24.9940968232
25.2920914323
9.01861036541
25.974838281
21.5002932211
7.59684071627
24.3025192836
21.445488183
17.7820266263
17.7820266263
19.0800991387
17.7948135968
23.489989778
26.8376440162
12.0160268989
19.2395498674
22.8122968339
21.4215578141
5.37197010728
20.8093748829
20.4902869558
18.3963248966
26.1515404415
23.6898126109
45.6867611453
25.6698622632
7.74210951203
21.8228971363
10.4233606444
20.8941532207
25.7243787469
21.0896789033
19.8284506583
28.707772917
26.7644735338
23.377886279
22.889834014
25.6608480519
25.7231334956
26.1237652868
17.2705148908
20.2322047862
15.2203677839
25.7845573655
19.147150718
26.6039755545
21.4571013695
26.6367069615
13.4999526832
28.4298245528
23.0516266862
19.3283614931
23.488318005
26.1515404415
19.9690101406
25.0485628539
8.73025869523
19.7782537305
21.445488183
20.5753314403
23.0483260631
19.6238645718
22.9330783675
17.6902651354
4.74490262769
27.3028367982
17.0819095343
21.7304419049
20.1206991769
20.1925844949
26.5160732999
30.1010510042
13.8110784859
17.600077874
24.5761117583
17.756037882
50.5801967317
2.45410239349
16.4202088675
15.7702774458
25.1634020047
40.9581492941
17.7081283932
20.3882313139
20.0278910613
5.37197010728
24.9475139255
23.3002361222
26.4812955541
102.128856946
25.974838281
22.2231651601
25.6712388676
50.2756500102
27.8741136841
92.5121377656
23.1777489124
6.87468934222
23.1679695546
19.2912777645
25.3800721976
22.5148456788
19.6246784528
23.9510727966
26.5690195166
23.6697405114
25.3403430349
18.0217596635
14.4057363733
29.4932449849
26.7475614371
26.8599530741
14.933544491
32.945590258
30.8038307384
25.2693218713
15.6479558245
9.0253968443
20.1564955546
27.102847204
24.3025192836
27.490311396
24.3025192836
21.445488183
20.5753314403
25.1327945347
20.0714720735
32.498892207
21.726256018
27.3934214613
24.3022173624
26.1515404415
22.150332976
28.7508264709
27.5394302093
19.0112442685
25.3709078696
24.7802815943
30.0064381928
27.3567849241
43.8581032039
23.7411357911
5.95008420995
12.7301878051
19.2784944118
18.8995578025
50.2203760441
24.5769104691
19.1613720466
23.6697405114
29.8854007957
42.8184076269
27.7417233982
25.9040688485
24.1019508433
21.4089771942
20.4550590221
28.9831376498
4.8818502731
24.8922187072
27.5599557762
22.4667279247
25.19542132
21.445488183
32.0051190341
22.7899420835
29.2751487321
25.5770207855
25.0989809117
14.1341357459
26.6668924114
11.7883588287
25.7205796045
29.9360726847
34.5412717296
12.2892145505
16.6025634028
82.3361022308
13.1701692999
3.04886577548
29.3441670981
11.7233388975
21.453640445
88.6286654193
23.8810809221
22.9525409782
20.7205086144
12.0515320448
26.2594441337
12.2639610996
56.3503037463
29.73493921
12.2089924928
17.8836529077
22.9330783675
15.1867753493
21.3545162636
51.8117647129
28.384122217
24.3025192836
28.4196134083
17.7379378877
38.0211912946
28.3636187246
36.7818897584
27.8741136841
1.4657163093
18.9866443442
24.1740295837
25.6932583034
26.2417584671
22.9546120128
22.2129904391
24.1994261365
25.6204093347
24.2290584437
1.58266028725
27.8741136841
39.1509393857
28.2703058763
27.348471384
25.4537070979
18.8758772811
6.79052000046
11.5352862746
19.294594788
24.0550198425
25.7252774495
17.6700820937
22.2013306903
22.0792395419
20.8890694665
19.3313802362
20.1605549856
25.3724489851
45.9235737353
24.6184723144
16.1883742843
25.7595189885
16.5174547779
23.3577376739
14.5170212585
12.3398552993
26.1618046746
18.1260892709
21.445488183
14.6695835105
30.3035617926
20.5743485553
11.726205609
30.6317512238
26.9811063047
20.9803515326
123.004352799
19.0979275324
34.5612325918
14.8989898585
22.3710905523
124.395091819
22.9112726612
20.2510554046
19.5252756124
43.3136192695
19.586276436
38.3873048018
29.0437202989
22.3710905523
20.4897379381
26.6985575903
24.8027269395
23.48882623
12.1666709115
22.8058471213
27.6341729321
18.0883761453
27.3431695973
9.97341457468
18.1372124589
22.2258097274
11.7245732566
30.3140368573
23.4627832996
33.3129525138
24.0216827215
23.6061206451
18.2844654741
23.8373826332
20.2068310868
20.9949501289
27.7232452788
24.2213234758
17.3559421142
15.1266212173
22.1701786264
20.9803515326
20.9803515326
18.9400892846
21.8644902496
2.15905918187
2.15214381449
25.3362192373
26.4529319688
16.5019886622
4.80099394495
19.4498232642
17.53717189
6.12925314013
19.5971251228
19.1390913328
25.8682477792
24.7642046275
100.213936439
70.6814156354
82.5295422926
89.4589078716
85.0921368824
81.389727405
29.4908701725
107.10422941
16.7584591484
83.7115546074
25.7032005761
72.212216603
79.5291808034
4.33010842859
18.8805000246
22.2124998023
25.8682477792
21.8923063869
44.0294881921
22.442650512
23.6736605123
-3.69976507558
21.445488183
21.2967626253
22.179970948
48.5585607242
23.121561792
21.42334419
21.5826909721
23.8373826332
-13.4643770154
12.6373032365
27.8741136841
24.9571575592
28.6398834281
20.6319556778
23.2674911643
19.7693961235
26.3747357504
21.0687431548
20.9725822762
20.7879909974
62.7924965794
31.2492817853
7.75122986137
21.6958442419
25.5833893107
27.8741136841
27.1279425722
31.9659588895
22.3710905523
23.6112145843
23.3807109523
17.7886774441
12.9575030509
21.6657506208
30.0512844522
9.33117723257
60.8225784572
22.9217631553
25.2490325583
20.1678303359
22.6658352228
20.162492723
20.9803515326
22.6658352228
19.0801923915
18.2585562348
23.9874348678
19.3795791432
22.0506082429
20.5487331237
75.537131315
23.9874348678
21.2817868836
21.0885001273
16.7590413935
20.2719465559
0.309688255268
18.0577891451
21.0873531199
6.79441179611
10.406729115
23.3739777044
25.1286672201
22.7948466007
20.5660197487
22.6658352228
19.5381407839
21.7304419049
107.10422941
16.6658169145
26.6355518974
17.5831768426
25.974838281
17.9107754054
23.9874348678
22.7393836285
5.17008858616
20.8816420244
19.7899492771
18.8643469077
23.3381703399
28.0630458579
23.3577376739
18.8643469077
19.2008640681
19.4448037083
10.4917396742
18.8643469077
31.1217206953
24.7844360256
0.890491834513
17.5794137104
23.489989778
18.8643469077
23.4619355126
2.65395797803
1.52779589667
57.5963890162
27.777757452
22.9546120128
32.8423582378
21.5717568913
22.4121284622
16.266081003
21.7304419049
22.3710905523
22.3141841462
41.9487036734
20.8963733403
26.7671039339
26.6855486942
25.3007424117
19.0977088769
35.1704185717
17.9141316934
20.1522676409
21.2520369307
24.3497208853
25.0287823791
49.5510451657
12.5837020465
17.9943700263
15.1869774433
21.445488183
22.3637170903
50.3732839793
26.7794647592
55.2326165827
23.7341708342
23.5002979697
12.4941481959
29.3318100814
22.7215137151
20.4405959139
24.6330695575
23.0175860862
14.6266085243
29.1044073593
28.4106831299
10.6082609621
16.0490859888
30.7241759318
50.3835197133
25.8721761209
19.5381544278
14.5731963869
16.2896391039
13.5313705033
21.072586716
16.4421961038
26.4701419277
11.5483682137
36.6450696258
21.2796297221
32.5595158185
49.2442499544
-8.68443475426
22.2346904503
36.452048785
23.9551264284
25.8022856693
22.2348286418
29.3023133113
18.6186435618
12.3709303834
58.7103754537
22.9997524897
18.9651414632
30.3556976641
22.0753324208
20.0358835355
39.5387581852
42.8712620415
22.5954014666
23.0270007313
19.11757174
22.0050989961
19.8310414935
22.3710905523
22.4879659223
45.3664379101
22.5715737019
21.5395563082
21.0044477191
10.6900246894
14.6851148142
21.3047875846
19.5194452169
20.0020952123
9.54860607225
28.5245103043
24.2449694195
35.6437411538
20.149848355
77.784474055
23.8373826332
25.974838281
36.7592343426
21.2384122031
13.1233144221
21.3812372689
26.1515404415
23.9874348678
9.4482501644
48.2068659683
24.6555261275
25.5309355771
15.4108903534
20.3447121164
19.7290467056
21.9041514862
21.9285264197
18.4456982614
25.0967312644
25.8153503369
21.414932553
21.7357017519
23.2125411034
27.2098486506
21.8726576457
25.4965861337
11.9551790981
20.2684936414
34.325185171
20.1605549856
17.7481369016
27.4336958346
26.3122104977
97.1859344358
18.7217752326
23.9551264284
526.632401914
20.0198543872
23.4958474937
26.1179072932
12.1048176123
22.0083703743
23.6084843667
177.222861722
20.7918983156
24.2400801503
18.383490457
20.1349027129
22.9400797559
37.4472739738
57.87056258
14.5584232749
24.4781021764
11.11435054
23.4540865411
20.1199998437
19.5867759309
24.0531859822
27.3601701228
21.5749721258
17.0123909129
16.238812828
16.1743708473
23.3659937036
19.4384975713
28.0495030722
7.75122986137
16.0661903422
19.7230928781
20.9496979569
21.2985715387
20.7799378234
18.1983291556
19.5848156694
23.5822249615
-6.17651373807
19.4330717608
17.2168442651
18.409311507
15.2342957123
24.0161275859
24.7103092668
15.0345135773
19.4703414724
27.4458330175
24.6237055275
7.96217659201
25.8899293432
24.2400801503
24.9023815593
26.8220349784
60.004004214
28.4193223012
28.5025907335
30.7311447848
22.6748102736
22.9370048529
24.5790469987
25.4079806499
21.445488183
25.5405116231
14.1895065753
20.3595653813
23.7191487067
34.6933550876
22.0355238636
54.9606532968
22.6755047558
26.2611868581
21.8251799393
41.3500689623
20.5885712441
25.4283382032
22.0203088197
22.9625686065
24.1021239562
21.3546398721
23.4946666817
63.1248136567
24.4126069535
22.4226406792
72.4773322268
27.8129903992
13.1044286874
25.3137829345
27.5932068853
25.9473997838
61.4072093684
23.0877165162
23.489989778
12.1048176123
12.7314694759
26.0198684622
13.591811982
22.4841560804
22.2397095074
20.8997753664
24.6415286492
23.8492294406
21.4412493082
19.2325697586
20.9803515326
25.5354055083
19.9630570297
23.8373826332
22.9546120128
28.8318693817
21.3319425515
21.4192043934
17.3248651828
48.4792779391
17.6473333285
18.7812784589
28.3107381986
23.6557367506
34.2366099395
42.871880195
20.5863241966
19.2762291123
19.2762291123
24.3156551383
9.2588420503
27.9771915152
21.8209353036
22.6812366021
21.4562104065
54.0313405971
50.3835197133
60.8110847278
23.0175860862
17.23473768
35.6996490056
33.2319511732
37.6770849189
49.2291807932
11.6089175186
22.5519526139
20.9803515326
33.8430194501
19.0681774884
32.7290233239
21.7304419049
36.7901144499
19.9390984773
34.0281325897
18.9087985993
38.2648685297
14.4122948422
22.8770289169
12.6946403014
26.076397083
20.3444165151
26.2487129409
66.7767636878
23.2896273882
17.975363792
28.8257411045
21.6706931534
24.9541426061
17.9089385267
23.249826062
15.123658676
17.8375719752
16.3043409459
17.6719461197
-3.86638193001
14.4442445174
56.9814862502
35.8436241838
18.1523933296
8.40706188687
29.138860047
18.411555661
43.3057491543
21.7796477159
24.8869716178
66.3284125989
20.5360021062
24.0033780242
15.2726839318
21.956064765
27.0913177191
23.8738163562
21.445488183
23.0331410838
23.7378297655
27.2552163782
22.7699836866
19.339813989
23.6081672378
19.8181693385
83.7682328023
32.3874795189
26.1063300507
27.8749482794
32.830786998
8.82953393429
26.5879098027
36.7372727683
31.9545965405
15.8435004689
23.1911773719
28.5121253856
23.8870789238
21.2950185037
25.5818021985
21.659624729
60.7612872469
25.0556328328
30.0408597581
31.5004948158
33.7435528589
33.6455092605
33.7435528589
33.6455092605
71.1564537543
25.0339076264
17.0735791999
11.1759022034
28.5128334726
22.6469874127
46.1070525531
16.7237710528
27.8937577881
19.0430079593
26.4871133696
13.4263208384
21.8885254751
22.0386030461
25.6774213436
62.829227714
10.3645080737
27.2233871716
28.0885489958
4.28442282087
20.0080598488
26.7025030869
20.7771034013
20.1704028784
16.9695365947
53.882275111
26.9218392586
25.6019268076
30.1762940874
20.4316265018
15.0024597514
43.692941636
21.9294485363
6.8541920112
23.9288011637
20.7897204848
24.076268312
10.7310179553
15.9148437908
21.0185456757
37.2975986295
15.9849856256
24.3025192836
15.2194615771
5.38776708778
15.0589787521
24.2403350809
18.1377294302
23.6698501527
24.2912388388
22.8652739685
25.8899293432
21.7376345654
34.5535177107
11.9573133408
22.958082826
12.0580605146
18.4335897923
26.7906176571
21.8145283637
62.4790245182
21.4340910053
28.658650702
25.092742441
41.2951422367
26.8767793035
20.033973488
20.6352059638
20.9553250655
16.5289929829
20.5836446557
38.3306494681
45.2499206634
24.8526745323
25.6211276212
37.9255393981
21.3478644593
28.6336442007
32.5332049932
16.6178587476
23.2231576025
21.5579175971
33.544053004
24.1665986465
25.9470707553
21.8288853799
19.387024801
22.5103967908
26.0793101778
22.9614799937
10.43391276
25.8609581518
7.75122986137
22.3611274404
21.3890638959
25.6977215235
25.0524800184
8.52823081981
62.190276506
17.6321210495
18.6995656599
23.0175860862
26.9510065531
24.1459445621
12.4761378453
23.724913664
21.7104742813
22.6975638032
71.6054289005
27.938490778
23.2176613056
5.48005596466
23.8526478477
59.3744817066
60.7612872469
25.5545949039
18.9812824711
28.9331304485
8.62169585453
11.2306867157
20.9601469561
9.2707045965
27.1525881932
21.5479436791
20.253542287
28.8318693817
18.2929345531
43.8543790754
49.8691984559
27.1539908844
27.5148664336
30.7311447848
25.974838281
20.0413314637
22.2085762916
26.9922901468
16.340381825
25.4229980932
21.8737314337
28.7587378829
25.974838281
24.3025192836
21.7858325812
10.0444365068
21.4661488548
22.0259449836
16.8864778759
19.7556450457
25.9757687609
24.0010739354
11.0719485076
25.2891738784
24.5874730055
12.6454943212
1608.19404583
20.6352059638
11.7427033009
22.9330783675
20.6352059638
22.6470637344
0.16322866634
3.62608262509
26.3142114986
44.873600894
24.6596947304
22.9997709872
61.5591839424
22.3710905523
23.4338548927
20.6352059638
18.6703663264
22.2803319809
31.116410661
24.1497487745
24.4114943077
27.4007545137
28.8318693817
27.5148664336
10.4777523261
21.445488183
27.4207204423
22.4573535786
28.7666017513
32.801648069
26.012556993
5.7209645858
20.5638716298
25.974838281
9.89627357568
16.2534692597
23.0175860862
20.1083004625
35.644325753
10.3080746544
8.67667498249
3.53337474676
59.097225365
24.3025192836
25.43156343
3.88844635856
23.0913941348
33.6726507064
25.5079136891
11.4393392037
11.8958366718
16.3043409459
9.60487359666
18.4774535343
20.3334806765
21.7968441346
18.7634364956
60.0514747042
34.2265072006
22.5320923914
20.0914596291
25.1395267771
8.24643915241
12.2278368296
-0.719118316972
25.9040688485
18.3817872644
8.80727941281
14.5271291741
19.1295661497
12.3372500555
24.0578299147
26.3198144003
22.9330783675
31.172397563
30.1112279188
25.974838281
16.8725277266
23.8373826332
19.203769479
29.8572388426
21.9942956543
27.7925497343
22.0479199478
31.5259832368
20.7665245773
21.7584927462
29.7924567558
26.7182945023
22.3611274404
24.562947482
22.2290133551
24.206551753
18.2697379462
40.0033009823
22.0854991286
29.8249980056
-2.05156628448
23.3801906115
22.5554383495
21.0183264883
19.0895987569
19.2080925598
18.5202473067
23.8238391864
20.71238601
24.0996893726
34.7713871533
23.5992923098
39.8043631219
21.5860318954
18.4711573574
20.770951378
18.6476952788
24.8829760842
23.6811584415
21.393325289
32.9517363469
23.7688449311
23.4314489278
25.2495975001
19.8155670994
30.9008368842
22.3501625907
15.053832303
22.8356661115
25.3295310516
21.6195745658
14.7544388132
22.684767127
21.551877238
28.3444715455
22.3124144955
21.445488183
19.971500188
50.5735918502
22.7137772931
33.7414526192
26.2072556539
73.1944016932
21.8571088711
35.6570018822
13.3460449352
850.685266994
23.602351809
20.6736299166
13.9595002015
31.5259832368
23.8151953769
31.1697306486
29.0608800842
23.0818439087
33.1119515491
31.5259832368
23.4022002488
18.6591942369
26.6756534955
34.7713871533
32.9779022944
27.3055945774
32.1252765594
23.936919308
23.7833431752
0.637568480016
33.3154801622
30.2051918268
17.8507291524
23.7682901302
21.0875395983
16.8181675844
29.0085715422
23.3156023275
27.5148664336
3.69726822554
16.244843837
19.7515246245
15.3873018366
16.8238531747
11.6019995052
26.4809332433
10.5809437829
-3.92790914247
13.4575449041
20.3564691764
56.0384814214
25.254793608
28.8882346958
22.5165780859
22.7123345273
19.4791160092
8.7670937886
25.228121653
22.0196498335
415.588640424
25.7741923565
23.1945987507
28.3209631154
27.3594661207
27.3575980077
48.1476459265
-13.9511456217
-2.44323179031
-2.37619983338
4.8509725476
55.0502281244
54.9422510887
-4.37628276924
33.8605674682
36.7808377094
36.7175985688
-0.539540855801
21.537260156
33.8605674682
35.7497899919
4.98671380492
1.25194850714
-6.44772543607
23.8882526383
-2.06007389088
52.6866969441
2.83566243151
-2.82669927251
33.8605674682
59.9838968186
35.0201002577
27.6779094417
19.6349725587
4.19420764808
35.5586344546
24.3750590634
33.9962355818
38.6011489232
7.43210579213
2.44688063778
31.4826608183
25.974838281
16.3043409459
-3.26774998206
-3.42923939917
19.2141743022
14.4702644967
2.26085417189
-0.773959567311
52.6866969441
-1.5501471903
18.4590924591
55.8650686234
1.94851375987
2.43567313525
53.0719342258
52.6866969441
6.10870635482
33.9962355818
38.6011489232
132.845278431
-3.40094147002
27.54709619
5.98493964364
26.2193703387
23.5647965416
15.4669499144
8.65072809633
24.3647903236
24.3991981407
-4.15348082635
54.3050308145
34.8287527231
51.3410188722
18.6806127972
20.1731398874
93.1972613987
-2.06573052554
24.70289288
28.9420322073
63.7329182754
-5.22460837283
23.8115445805
2.01254964628
28.9919186229
-1.02865412507
-4.89561831015
30.1940561816
55.6450991748
39.101494443
1.14666494539
33.8605674682
17.2948750368
22.8426696602
-6.11271140504
32.244898918
19.0744671722
-4.13144250998
26.8261149423
17.8668416905
18.1739947491
20.6244274405
-3.35982050751
25.5663312705
12.9960885501
24.237858291
53.8176916112
28.6150417103
37.9872340332
24.70289288
18.8398607392
38.1175256544
4.83286444928
24.3025192836
20.1605549856
20.3645655323
24.3231799554
19.3680489111
-1.42887916811
8.45479265178
-0.973305942889
54.0537444035
22.5015004173
23.7661217586
20.6521609681
11.5567381813
34.2848415817
18.0555475782
24.0603959277
10.2311571768
21.9810776446
22.3780296774
23.2135002771
44.6910947482
15.8564546835
53.3631701358
21.9190374783
23.6286299519
11.780342842
-2.60705275583
26.2264677932
17.7118071821
23.4821583796
13.5745114453
13.7048469628
9.73108774732
26.4898355693
20.9709726979
24.776068579
22.451409285
26.5277233708
52.5506518541
17.352354046
17.4091778244
24.4726878911
22.4783875148
5.08859808692
3.71405489624
17.2083001662
9.42391238724
30.6330801637
21.2612652697
26.4356491992
22.0031419573
11.237668953
22.7610132072
0.965318000012
23.5514666504
15.7617388562
44.4453990555
36.4984844734
3.93670331753
21.9420298404
-2.29028193056
29.8277862534
23.4372180789
36.4717881677
-2.69084574984
13.3060125378
23.4372180789
0.856401903999
24.1128281918
23.822844581
25.9678580081
19.5132528316
27.7925497343
27.8570551872
9.90740560553
7.9963056748
5.60206840092
1.09035432866
18.4154887118
17.0132141003
21.4632826545
10.4836083785
15.2203677839
68.9568490241
20.0391503434
15.8728774021
-2.11438451128
18.2635407191
8.51311478876
24.6720502819
21.129980639
15.9247663573
25.9678580081
0.186024390466
7.22662147146
12.1442237792
2.05052581808
17.6923689227
32.9340075954
13.5534251489
15.2203677839
20.181058317
20.8424034775
1.31306110963
2.05052581808
-1.2736106672
14.8218435896
32.6671113508
8.79226729389
2.31516286082
27.2732690034
-0.549688019744
22.1786422951
29.8973013984
23.4920271324
24.9720380822
24.2825686586
17.9416745447
23.1712325926
24.8448458271
12.5837020465
18.0773988846
37.3627045233
6.76946130553
0.695277807357
21.7915995383
11.3441534972
19.1008962056
24.8743798418
54.3412491567
30.0894467489
15.2461383325
57.0457343999
54.3412491567
18.6999764878
23.9149182811
26.1818899566
52.8547453652
27.7560961819
24.5681565468
44.5091019055
-3.66827414786
3.15310270918
17.9545787195
205.216045061
-0.256181693109
4.33965047711
25.0161170006
22.4025027443
13.8040998799
1.4688054408
25.1887996017
-1.50868989618
56.8228331367
52.0792470013
52.7862131883
53.6388326012
52.8812475914
57.5801161696
52.8365300341
46.9502533537
51.2587924928
24.8076432277
20.1755364627
27.0599549156
52.0385666623
25.782327283
66.390926537
56.9079734161
51.2637972483
55.6616806607
52.4747878233
52.683035255
-0.801502991029
12.9598211076
51.0178078447
53.5157071197
33.7604534899
53.6792109632
17.9622438852
12.9136081159
54.173714866
55.3337201605
11.712843489
27.0363467538
50.8023272853
26.5045181778
28.3504667716
53.7624236455
28.2022728147
26.5920785771
60.2580986748
49.3276093628
54.3977952723
2.51059209931
9.35813924473
43.7303874605
57.8958817643
11.712843489
59.1580420859
4.14642408529
19.3356848624
7.91189547604
6.72505821154
-2.87932816177
9.36766900153
16.3877279141
52.7818948216
47.2412026781
24.2889371318
20.9608219828
12.6191980962
52.8365300341
1.37110272784
27.0223677833
55.939203862
10.4616633834
-2.85147077916
9.19718103451
15.7912921276
0.106932630484
12.6511008635
10.7969727917
12.6511008635
12.6511008635
10.5724759438
14.0213162094
14.0213162094
13.8861572578
13.2348037204
25.5114298791
10.8975912524
57.1146423877
10.2571875955
21.6007636282
6.79084838093
20.6268466049
28.9987972608
53.9920973795
18.7258718491
57.7680865011
12.5685211194
17.965583199
14.0213162094
9.38084445225
54.3412491567
20.6127932483
23.6229267654
22.0892638898
19.908749619
26.1515404415
20.5442289893
16.3043409459
52.6866969441
9.27872058324
10.781327893
26.0333270697
7.49016759818
2.46973364089
11.9642972048
26.8164989801
20.4881491442
9.27872058324
36.4327381416
37.0718368213
96.4352044969
36.4327381416
34.6324014532
38.4168144494
38.6775665925
38.6597403682
44.5490823194
35.996979945
36.4632830016
57.1982802574
53.4173361636
-0.142626793264
12.4100715538
154.485469991
48.3628634227
39.2897692422
25.9009137576
9.22744529445
8.14188372035
25.8631823027
7.00174271189
-3.5712001252
27.6564655958
31.6557472019
13.4252168689
20.8076533717
7.03570304311
33.6022547304
2.46702388733
15.2410955629
28.7676496671
29.5891524145
3.16040450405
7.42366523229
7.42366523229
12.1048176123
8.31204620147
25.1943338624
24.9525982341
58.4793894266
28.3975997792
10.0023554209
18.2626997422
14.3148675314
6.40915294055
7.26153875529
23.9318007809
-8.29139156759
27.3129953528
21.9544061211
125.323894481
38.9143221216
32.8351938845
7.04067255537
21.5697573089
5.65888753627
15.0392600479
14.5521878859
25.9671078288
39.0039089013
24.0042477752
41.6095551981
22.775734031
37.4657747328
38.9287016865
46.1545572323
32.8091383159
24.0042477752
38.6713347837
44.9630046847
38.3136930402
28.5968235447
24.4515099065
23.7302275908
23.8694697002
26.8612788759
33.0242759331
29.0160241326
22.5749978144
25.4671747289
35.5905621871
12.8593865216
26.0085126596
38.4851493378
26.6977370831
26.9655816364
25.5306167754
31.2124704066
37.4657747328
25.1892482414
25.8716013928
19.7593818881
25.6018946316
30.08349501
23.6537349836
31.3703002035
54.6898758778
23.1650403739
54.6898758778
25.0772344409
21.9286765904
35.8893832303
41.0095324887
29.8002427694
25.7483981233
30.5144792728
21.2654860535
35.5905621871
33.7172308496
161.76246885
31.4603569886
25.9888107576
16.8371536387
24.0042477752
21.7632847044
43.6873256956
8.86650337184
24.2543070426
24.6932886182
4.83312944457
23.3185214581
24.3025192836
29.8053974439
3.31464452471
61.2714405325
12.9389208823
31.9880536531
26.4818276215
27.2391106544
27.2391106544
17.139143556
24.1238575182
51.3051290962
20.8829037031
26.0735545181
23.5031559789
9.27872058324
11.5175533357
30.2223424
31.1021783139
24.982391622
27.2391106544
23.0306217932
30.1757145243
17.0746584933
9.10230748985
14.3845586998
12.107158294
8.88539656908
33.3455555046
15.9435487899
25.8853778551
22.3970412355
21.6537982057
15.6805544693
32.4445118393
53.6439579976
13.1106688312
21.6537982057
10.0360036161
30.1574929104
7.13359795271
24.7580959854
25.1059878824
25.3405268134
54.8660822979
23.8680280324
22.1512831654
24.351633873
20.7033297439
18.3795558217
24.3867281354
186.440946876
23.6524547921
43.2777657594
51.9212158565
13.3149904075
19.157377189
15.4718881384
22.0144082897
13.0922640786
20.2170709065
20.3523023262
20.3415349212
21.155988481
23.1744313428
20.7946213207
20.980893546
17.9927951032
18.7583052539
21.638961169
24.0294523174
20.1949508595
19.7461477065
23.4831274297
36.280602465
19.8884797081
22.9423756286
17.5409889782
19.157377189
21.63565406
17.6304826836
12.5072089818
9.27872058324
28.242389248
27.5461860214
20.8679347762
20.5508410904
16.47075604
18.4551439466
21.4820054956
14.3651116631
23.2725158739
41.804263875
33.6342189794
28.3331792867
25.6341194166
21.4489778275
25.3801234725
16.4780938377
9.96774724011
17.1052330336
19.9000203478
19.2166101469
25.7591099076
21.6537982057
19.120808508
17.8025861146
21.6537982057
16.8855374585
21.9725831023
20.3057558238
48.4761561686
32.2328138143
24.0115400747
23.9625143725
26.5551845159
21.2367949358
20.1928607918
18.0227129037
112.080124867
21.1978078497
31.4843075057
20.9731123349
24.0137211609
24.8324111616
16.6309806522
23.1069612584
19.8751890469
19.186568144
22.0435992447
22.6088623975
21.6537982057
21.6537982057
39.6617147183
27.970866655
15.3711884104
54.9938643079
22.8008822775
19.3491910444
40.9094249992
19.1110449851
23.5018246181
14.9371903761
27.5148664336
20.8758837813
33.7948343134
-9.56610030878
17.2826008906
21.4369990013
15.4637552649
21.4369990013
21.4369990013
35.7068529304
21.4369990013
21.8277643019
35.8214106612
22.7716913225
25.8899293432
23.8239277157
17.2215649191
27.5148664336
23.6494354455
21.9555246353
25.1659276769
-7.76059758375
-5.55864661982
18.0510150348
4.6008045696
9.68490385816
32.745336686
22.8175717405
19.722301893
55.5814537603
9.10374530533
18.6944693853
18.9944653763
24.3025192836
24.812555736
24.4270573489
29.1616999826
16.6309806522
32.1619847907
17.1229632557
20.5563824624
14.583138726
23.3217032719
23.9500548852
25.9399870663
11.9085039467
1.86594008355
36.5479757269
35.1450763183
15.8211163091
52.1976683471
18.0322964046
20.6132969865
-44.2367238727
4.33069091777
61.0868293719
37.3802159804
21.4369990013
15.4637552649
18.6706083179
28.5711508532
9.27872058324
2.05052581808
20.8289518752
38.6784417619
9.77393627178
22.1802420311
37.4563821902
29.5843432126
31.7333974709
298.386808918
20.5743274588
10.4753929875
25.3766735491
