3.14567211735
9.71532248176
0
0
9.71532248176
-4.18330243705
-3.55281244215
-1.65204826276
-4.76409477556
-0.919069299497
1.30520994117
0.174898212238
-3.01916962867
2.2119684125
2.2119684125
-2.0132979807
-1.20985704739
-4.18330243705
-5.36745486441
-1.41826687946
0.419455010712
-8.75256251906
6.09748879266
3.62160114379
0
-8.23811457961
-8.23811457961
0.256581851761
-8.23811457961
-5.26976153978
-0.76386178501
-5.17828379298
3.83583846841
0
0.057277094162
-1.37531092432
-1.39455086817
0
0
0
-0.300330707964
-1.62368450529
2.15205805076
0.270068162527
5.01480949249
9.87913578793
1.05366785646
-0.523062816088
1.76224752089
-7.18088989755
4.10517194375
0.288877758688
-1.70181772564
-9.90415340911
3.09607760554
0.698081262645
6.65240521616
0.899703278016
-0.407602824452
-1.66208708569
-4.84377544107
-3.18549047988
1.3980427175
1.26293915538
2.2668878595
0.93428966509
-2.10858086346
0
0.899703278016
-1.17013864798
0.031623168471
0.899703278016
-0.781335991801
-4.84303057606
0
-4.18330243705
-1.64931414761
2.9393605944
-7.29374633726
-7.29374633726
0
0
12.6284652383
12.0141111008
-1.62368450529
-0.562452013054
-2.32608237058
-2.32608237058
-5.09992170818
-16.9515342894
-16.9515342894
9.87913578793
0.899703278016
2.01187267631
-0.459983535107
-0.014356479704
0
2.36263023172
0
-2.67130575974
-0.343231042993
-1.93354012035
-9.90415340911
-3.13728507958
-0.784723577216
0
1.12990342281
1.10758703921
-1.62368450529
0
-0.913850839779
9.87913578793
-9.54461494691
9.87913578793
-6.76178147022
-2.29853727153
0
3.02868543587
-0.669919520864
-3.97588666366
0.899703278016
0
-0.947022369357
-3.9105211657
1.55340020274
0.390940860365
7.16806673418
-0.417397957783
-7.29374633726
-1.65219793461
85.520220472
0.899703278016
4.16777393167
0.899703278016
3.40934152347
0.899703278016
-2.24650329293
0.899703278016
1.24934425861
0
-3.45436593088
0
0.265492721515
0.834054350061
-0.804417342778
0
-2.25988452603
1.05680816895
18.0546795827
0.015517083383
-2.50221276335
3.59421351737
-3.80850268063
0.009682047631
1.21801240077
-1.93680158871
-2.87220075704
6.18090942927
-0.35175161787
0.146116511726
1.05663691166
2.66270056641
5.96418044747
1.29271609032
-2.21091199728
0
-2.17480052415
12.6284652383
1.24166331522
6.04438471663
-0.819127615341
-1.19914407465
2.78822116727
-1.0674540392
8.56985987761
-7.26983530977
-7.26983530977
8.56985987761
3.39645377131
2.94785428437
-0.32138234272
-0.386219404064
-11.0276605887
-1.01574124977
-0.570708123573
0
-0.870841804278
1.52552153393
1.88309614927
-9.60249622768
-5.47078641747
2.05277642982
2.52132433228
-7.18088989755
3.06039078189
-1.94752587292
6.74131516037
-3.59681659978
0.257443695353
0.977936628662
0
0
6.62272821183
0
0.200778013879
0
1.24166331522
-6.04601293243
1.80132933368
0
-1.93680158871
-0.630652492416
10.2120729003
3.90304739927
0.178567346826
0
0.617225536788
0
-1.93680158871
0
0
4.15719852066
0.015517083383
3.71162603972
19.3710882538
0
0
-1.17537804468
1.49227848513
0
1.24166331522
0.904365524763
-6.04601293243
0.244135665669
0.015517083383
0
0
0
-0.462413419515
1.21801240077
-1.09099253457
1.24166331522
-4.52807916647
-1.0674540392
0.015517083383
1.24166331522
0
0
-1.0674540392
1.21801240077
1.21801240077
-1.93680158871
0.899703278016
-1.79938448539
0.146116511726
-2.15460080478
-1.67560333975
-1.67560333975
0.015517083383
-4.20589915545
-0.376719577149
0.498306735225
-10.219635341
0.015517083383
1.21801240077
2.63353574416
0
1.24166331522
0
-1.0674540392
-3.54109387265
1.09725375673
-3.13142652833
0
0.015517083383
0
-7.62064509018
0
-1.79938448539
0
0.015517083383
0.561546966436
-2.38192851583
1.21801240077
2.53849971919
0.899703278016
2.73432028045
8.35500858805
-1.0674540392
-1.23688050332
0
0
-1.23688050332
-0.235775709201
-1.0674540392
-1.0674540392
0
1.23124866021
1.23124866021
-6.04601293243
0.984993288456
0
-0.18730307349
1.24166331522
-4.07794165765
0
0
1.15900913506
-6.0218807625
-7.57336956955
-1.25479891596
0
3.42501342915
-6.15412280953
0
-1.42437976933
-3.02045548762
0
3.09111318982
0
-0.992481023682
0
0
-6.78105657788
1.24166331522
0
-1.0674540392
0
0
-4.08815772553
-12.6082825