9.10016652728
56.4100488312
5.21304888259
22.752373824
7.44081809357
13.8208696753
13.1021824913
10.9401151146
2.00126824526
2.91949715259
0.147157770999
19.7685956686
-1.11442336975
6.96283677922
2.85078812861
29.9758133848
0.402787134318
13.9412130508
12.0581120315
15.339129103
2.00126824526
6.96283677922
7.83611497179
14.4764021177
0.213945312455
2.00126824526
-0.0880757334944
0.269164539113
-9.40133279601
7.8109578205
14.4822174829
-3.24580370217
16.6569930009
5.76745816381
2.73494524325
3.46694901906
2.75855127811
4.60404804906
3.46926074431
15.9305755597
10.7583278004
9.27393973654
16.7833095671
3.09842358318
12.4980866084
4.93978541537
4.80092449927
20.6602405771
2.00126824526
1.13111150264
6.50046577558
3.31435996828
0.135987729843
8.29569219333
11.5311295311
6.81095077231
2.00126824526
16.067267011
3.31435996828
2.88854578824
23.6939710515
11.7049545923
3.31435996828
8.75359292674
3.07431643302
0.524224442928
7.69996746111
20.1544235202
8.55060117985
3.40201590961
57.8555865477
4.57182291417
-7.71592188687
5.66155431732
46.2152613916
11.3736800883
18.3429268712
7.66272486391
5.80764943991
14.5932590832
4.05866202813
54.925557717
5.42859001458
16.4578389568
10.0020935711
11.9711894904
0.524224442928
10.5995885264
-1.21346244985
6.08498391368
5.32250329806
2.73494524325
5.56439314388
8.29137464176
8.55060117985
-8.27918145254
10.2094402447
13.134857529
16.6449748264
14.712138813
23.1115311296
-123.080896184
7.37656087344
-2.37611295833
6.70844620756
5.51498812885
8.67701733094
4.57182291417
6.98900637207
17.8044650055
12.2007518775
0.524224442928
20.5643596955
1.81575858391
9.61387496916
3.17643711437
0.407583518259
13.5433488293
4.03455178283
2.88502921627
6.70844620756
18.7430875718
-2.72337929042
3.17643711437
0.407583518259
6.8596523598
3.46926074431
21.1083185697
17.0643703034
19.539285377
20.7338391483
8.12070375013
19.5334430234
2.12726337847
6.4858235645
9.01513271464
11.6875954433
21.1083185697
21.800702576
9.67512830716
8.99126628289
9.95008611952
18.0766093952
15.8148778101
12.0968599837
14.2022075194
10.279351591
8.79553266071
13.9482404023
7.01012067728
9.09668271874
13.234278136
9.59403176569
8.67701733094
5.45462798209
7.03510013283
6.16494339021
0.230036045991
38.7279649005
17.773003337
12.6172170025
19.6175565939
-8.27918145254
8.82815399253
15.3990818641
22.4930440275
-2.33830160373
18.9859761398
18.5826985344
9.72962030871
2.5773600497
0.797021204663
25.4910171125
14.1918721207
19.8903787429
5.00855133402
20.7949495904
0.441478116998
13.6133556794
8.82815399253
-4.45959771311
3.45181865075
7.79122972938
21.1980176498
17.8415806697
19.3518662853
17.6115528
-0.535916232417
10.2188098152
18.4147715376
1.46503655187
4.85842716174
15.2312956626
29.9940161038
21.1083185697
17.0643703034
6.48441698026
-3.00343214289
3.55308613167
6.81095077231
17.7605713362
6.96283677922
2.85078812861
15.3315054123
2.73866175186
4.43475959899
18.0691932314
8.7838537225
2.6081555031
4.60168058125
12.312366109
4.26378167549
7.01012067728
21.1083185697
8.17731399438
10.8555252186
19.4339841043
4.62280638644
9.69016629102
18.4070730422
11.4248890242
6.45574473833
2.66258323443
5.24020430069
7.66909993832
11.701169508
2.13199816209
4.26378167549
10.0468514707
-0.571441202559
13.6420175036
12.771860761
-12.5505315146
8.00379632032
13.479058725
17.3372796903
12.7530779337
24.5799001697
16.8796411845
13.682989722
8.00379632032
10.5283285271
1.64913163822
19.1276823296
18.5178543691
20.5836042337
18.8432907484
13.2905119204
0.998791736374
-5.62133466215
16.0818442114
8.86828860048
8.43304873224
3.81732976228
1.94769917
22.2470724021
8.734669754
2.52601716428
5.29867108794
2.79489310151
9.91530610814
5.15815750456
5.91163867236
-2.33830160373
15.8152798381
-0.470175767068
11.9959123127
-0.39837126929
12.9141444652
1.75204573337
-2.00212806557
10.3558342953
-3.76561271819
7.42714376774
8.74734204127
7.05821325843
16.6662781398
19.4181114909
63.2106761274
6.44060067308
12.6176703548
-3.58997716369
-2.33830160373
20.0675623521
8.53655285307
7.72110500934
9.19557385288
19.2295313045
29.805195116
7.51857387157
12.6176703548
3.4412807