25.4395850964
25.9364379918
-0.106797566582
4.38761508169
-1.16456859911
10.9771263206
13.8429473812
15.7010650432
24.7499718547
16.182964941
-1.39146648456
20.0287457581
14.3555117254
11.1712954769
6.90744114179
20.7667004844
2.05945292711
9.70985034537
25.8311759096
12.9490355322
7.39905802629
10.7201424038
15.5947183055
4.45766003553
10.2653771444
10.585806048
25.4395850964
25.9364379918
18.8030733919
8.7994569848
0.0286629276921
39.5793781036
5.16103438477
-0.162944771381
40.8081507256
7.29059674212
7.07925457161
0.0652373929386
4.45638235326
1.24525355824
25.0274164368
7.23004477956
62.1093675132
15.6346620837
4.01857727357
23.4832257408
1.3856871884
8.64407910856
3.15230262603
0.877992875227
33.839456366
6.70844620756
0.858576093019
-1.66616230098
11.7434621963
-4.18356553815
9.99435874209
15.8499352114
4.73387156723
6.95601733243
19.3580180765
5.91440985528
4.41693765449
8.56156518338
-7.13849677559
11.1088784448
-5.53385152704
7.56059037913
0.161355963938
2.0951112503
6.83542944217
2.55192598536
21.0758443912
19.335530906
4.6474103462
0.59100038602
16.0688092287
3.9399217678
3.88052177405
17.3102146789
10.1030605121
6.8809196584
5.48790952218
15.3267733322
-0.395026359903
3.59479040938
6.82272676997
10.4981088886
4.51347655766
11.9608748401
22.8876279228
40.3800582446
9.11422871315
9.86858173192
7.91851323997
2.48345324233
-0.448454767326
12.6616620442
16.080406326
18.1144486713
0.799958932348
4.4631597118
19.6664645707
7.48432263557
12.961740321
4.1388321926
4.46690840147
16.6198269236
27.2955568705
95.0297665551
8.67701733094
9.67473730588
4.51347655766
8.49729537777
13.5441932954
11.9611407095
19.2749388035
-0.768783394864
7.37384175718
9.24579167771
9.67473730588
9.77516850553
4.61609385216
-1.39512176923
10.255333051
5.92941532824
0.740317002269
16.2559197323
4.79440780507
0.377092563608
6.44422743996
20.5836042337
1.64462317503
21.1709689991
8.31013217718
4.49839279625
23.0714433118
10.418674589
5.63171345023
11.9611407095
4.09496760574
8.55935516338
26.2829777156
-0.348395906858
36.9270469351
19.597067751
4.77533457032
6.96283677922
2.34871597408
6.96283677922
0.677107049451
17.5464162035
-3.59361586516
10.5015056518
6.95794358341
16.0474577262
1.64196293381
0.305858434096
5.94428559792
6.35406698066
-6.36991061094
15.3243243154
10.6501862637
12.3951420258
10.7268245791
-3.12423311778
17.0027596958
18.0615187067
14.5611307972
0.875895755731
1.45966208228
11.7378702172
21.8622324127
8.93904456561
7.23003882474
14.398256338
15.6558589234
6.85201958982
-7.05534208436
-2.35213783763
0.725353277127
5.7043970326
35.2145305532
9.81683597303
10.4699401378
10.4981088886
4.94046477719
20.3596347189
13.0246891836
139.462783884
15.0322246203
6.28577872911
6.3664376087
48.1834639803
35.4358000813
13.2123793455
6.90268755938
8.39636090419
26.7052542394
6.65949471481
5.21003858149
9.85400742039
8.87112762179
14.85083916
2.15088974907
18.4390276974
10.1274490745
6.14655235302
6.32157304869
12.6343272978
-4.27037404462
4.05350521152
7.87975386495
5.90601327016
1.9085269214
10.2880341422
1.97900302176
17.8044650055
-1.34074923459
9.89305387024
-0.688432338724
5.88049232161
7.50187902748
11.0079983801
-2.56321179053
13.3371822487
-0.0266225907887
13.8666185316
16.9667692226
3.67097555386
8.56532297149
10.8079453379
10.1167531507
25.5904516659
15.7033410771
4.61703815545
-1.80088159002
25.4395850964
25.2893938041
5.29363455882
13.2012625992
7.6106606372
6.67065981052
2.59308888006
8.15366346923
6.63927058792
6.63098293348
53.6717799505
6.83162385039
7.99768626079
10.7756664615
12.4300754791
-3.40640359153
24.2774069365
8.3993194459
8.76769095283
17.3667284966
9.1908889952
-7.39450445418
1.46503655187
4.1470687054
7.06004020374
12.3475394662
12.8948916113
3.16228377268
1.46503655187
12.4300754791
11.4866074183
-0.37891293245
6.82272676997
9.24976713363
23.0714433118
-1.09165887528
18.6782204115
15.6346620837
4.61322190849
13.2612286032
10.0800096699
9.66139155611
11.1116380057
12.6527490029
13.7195999958
3.66967141668
26.3714719191
17.8044650055
10.1616297823
14.298705327
3.40545339842
19.5170552798
13.2123793455
1.03789627002