16.4855164913
29.962190222
38.3870971405
58.1819191044
95.0816227444
16.3849092229
12.3069797782
38.1932205237
25.4726851828
39.4525492309
-1.05469292669
3.12649275322
15.0695727482
12.5112401458
14.0090954746
10.5879903676
40.1811406657
56.9543266954
33.5349432043
19.4285786704
6.10205499305
28.0067581216
25.7620262212
21.4804148807
21.6428398301
29.1973452825
9.15737152704
7.77501040649
-4.47516425017
25.0504247756
-12.8583533912
29.9443480338
21.3788468308
23.8447704119
1.08819572382
-8.37317373769
-3.56140100661
-15.8969533948
8.61530358898
16.9696543388
8.50461496763
23.3737479114
14.2789748634
30.9128663995
32.520456261
21.2557774578
35.2086507106
28.534905125
30.5634034025
36.5204934565
33.4782629787
32.0670144568
31.5173551583
33.7064520179
36.8351741257
17.0977080091
9.06988280949
9.45620212602
11.2173469338
7.58959420744
22.5932959744
22.5932959744
51.0515785138
25.6503492155
87.5322769302
31.5831601482
31.5831601482
26.0129208222
55.2495796284
34.6563934858
9.85006518159
21.48848286
21.978066307
18.961062796
34.7555336482
23.3627267967
34.8992568831
16.5246960438
19.7956041596
21.9445563457
16.0814134636
26.4862730519
20.0061104871
28.7480619112
17.118156597
21.1503545336
49.3788337744
17.3820666865
0.3773193599
24.8909464086
18.7654777817
14.1837353519
14.9322143343
10.9060610355
34.2203110426
41.0624469614
16.4358382075
22.3920927897
7.61064573211
20.8914475928
20.7091306424
40.2498316238
40.5198293846
11.6440947722
2.03158767722
20.7091306424
35.2826740331
13.295320527
-0.83114601004
-1.10892709244
24.9595349782
1.92724153351
1.92724153351
1.92724153351
0.0023514011636
-2.99738814599
1.92724153351
1.92724153351
1.92724153351
4.91349750642
2.78806202372
-0.136618371338
38.8888054917
167.631457013
1.92724153351
-4.10833111842
-4.81133715106
35.3170004629
1.63581903955
-0.136618371338
-0.513133844828
-1.36236828929
1.92724153351
-2.0668460942
5.50549041953
-1.27066222165
2.28928807043
-0.532294126383
2.44220851868
24.0014751123
2.2107463271
73.1879654547
1.66880399943
16.1613435202
36.2985819488
38.6085694721
10.11608623
43.1935571833
8.13460248106
35.5026454357
0.529089996552
35.5026454357
21.0445846513
21.7290129347
21.0445846513
26.1031170299
21.1879745024
20.5781668202
22.9480232384
21.8784480658
24.7374047461
19.2231029745
19.7947157446
21.3719474411
21.0983775024
23.851208072
19.0584770047
20.6731218052
21.0445846513
21.0445846513
19.3119207072
21.0445846513
24.5679226031
21.8930231152
20.4078074235
19.7755969877
21.6915085461
18.6103057337
21.0445846513
23.5785827195
24.6996590021
21.0445846513
25.3754996215
22.1372001465
19.8765994351
20.2636911482
20.7459649216
21.0445846513
22.2963185743
21.0445846513
23.0125530026
23.5542228967
24.1346246052
22.8834247884
21.9222459356
24.1460181579
23.9659912558
20.5599763458
23.5542228967
21.8744813009
22.8704628491
22.7531976326
21.4826491852
18.8133140788
19.9146009652
20.9678362765
26.1757295899
22.7257774346
13.1792266158
23.5624742476
21.1246130333
21.0445846513
25.0262347116
18.8939870726
23.0058038789
22.5988489581
19.514445369
20.8700043408
22.3371099735
19.1180223677
32.5305048823
18.1888794966
19.2630806882
30.5993382134
24.0534847275
19.2265628467
20.9807566778
24.2396049532
18.9761035487
48.4289229628
17.88687433
20.5385155813
17.4690522811
19.3926596099
20.9876114122
22.0070995101
23.9200650145
18.8705152043
20.4235548539
23.0908686554
11.9589959319
19.7596514539
25.5824335313
24.8014743231
20.7118135046
19.7947157446
22.4803070278
21.8018676841
21.8042642398
23.7467717072
22.9820509025
16.7895954511
16.8699387587
19.3016645113
51.6138223736
24.1440698508
21.6277689297
19.2682233187
20.4777196309
25.0273642525
21.8421280047
19.7669268042
25.0679972821
18.0999099091
18.7047761359
19.0010331292
25.283181986
19.2797566137
24.6564181552
44.886551054
23.5542228967
21.0518600016
16.367647864
14.6012668233
21.0807695475
22.1821088877
22.3553760454
22.1535945451
22.2692896993
-1.62454128038
15.9743487356
21.0445846513
47.2197317739
19.7596514539
27.9115987465
20.2609439142
18.8707595504
21.2776229242
25.3576496726
39.6627292015
19.7596514539
13.9591032522
23.