16.4040676626
18.1831051322
19.7266183401
52.3271253549
178.728588905
36.8510671305
21.7818505856
20.9178379077
24.0822484153
14.0330273504
25.5739347493
18.1024643494
21.913376496
6.79941930719
24.7991481294
14.8391169323
21.0445846513
9.72276113645
63.5775171987
20.4444617281
25.5739347493
18.3959777389
12.5629602913
21.0939719574
23.6455933964
22.3015035383
23.442495617
10.9352001854
26.9708936825
12.7800760499
22.9583150677
36.9380546709
16.0975752888
25.8603411654
18.7248288973
18.1484948197
25.4049554376
21.6185477909
23.1886487723
24.7793693888
19.0138867456
21.0445846513
15.6929503887
22.6747291653
22.4568390872
28.9856228263
21.4929304553
17.0677157989
14.6845750781
19.2417437466
9.4760045648
21.9337854661
25.6948339205
26.1295390035
15.9972480684
24.8757887277
19.3605856648
23.5070694193
25.216429835
28.4603256828
19.2307104301
19.2307104301
23.5542228967
42.0991050515
24.6819079395
18.2573425476
15.4392810086
18.6302482821
21.2010432542
22.3163508213
9.07847600951
25.0135309721
20.5794480009
15.9034374142
34.5839400829
20.8813253938
36.4932084293
19.6283779132
9.78183583596
15.2351914173
16.1280035543
24.9917181316
18.6161355091
19.5138934028
17.1503076919
21.0445846513
20.6174229566
21.9704399251
15.6379256616
17.4922178609
19.0427929842
18.732366836
30.4890059637
23.9200650145
18.6937168411
19.3430921817
18.0165949235
19.8939081212
21.6270709972
2.72268876963
21.4830214041
25.5601239678
24.9653423006
22.9079537225
25.0164202924
11.672867703
67.4769130889
19.8360831503
20.6617064467
24.6595811773
23.2366611885
22.2940275051
24.3207360148
16.4927544893
18.7502069508
49.2925965549
36.2559771577
19.2468884897
22.3073393098
22.5321748358
23.9690227415
21.4341821476
21.0445846513
21.6250414519
23.3535525784
23.3107367302
11.0614106089
16.5580711493
12.1029922152
22.1796631541
40.2291513493
21.0571791589
16.4694874692
19.1834855673
22.8377743808
19.7878890875
23.2447736574
19.9779939704
29.1300647516
22.2213607109
11.0216383538
31.1154755623
3.93657599076
23.1864559843
19.9419227494
19.4161532284
19.7104914079
23.5427720143
25.1612324322
23.5542228967
13.0566413725
20.6083523673
21.0445846513
20.1744279087
24.6885107405
21.2838673381
19.3210516817
22.4673428172
26.385363282
22.292393454
16.8357595737
26.1130710427
35.6106657318
20.2871200221
20.5794480009
23.4703482759
43.1631884456
24.6291926055
20.7909583464
27.1139629019
24.9472461917
20.5794480009
11.6544983584
22.843938372
23.9199541915
9.11529408241
24.1082732298
19.506025149
2.8171032732
20.7909583464
20.4447727167
18.6251622243
18.4302543627
26.9646737691
18.8163064478
7.24845835386
20.5355496884
14.6652644798
28.1425637278
25.3078627014
23.7985226048
27.6705759905
33.4584222804
23.9017877714
20.6728598504
4.97106657561
21.0445846513
24.7991772614
25.849777783
16.644172489
28.3417103084
-0.149475929457
13.7345122545
16.0750656088
46.6745497498
5.49702613655
3.77036092684
20.5647333086
20.325821696
20.7909583464
21.0445846513
24.8182676886
15.6897069433
7.88668468228
25.8144374335
6.3239504301
19.0434093038
28.1425637278
14.5578408443
18.7502069508
3.31633592756
21.0445846513
0.728098675308
28.1425637278
22.9940166836
18.7502069508
22.7394958999
18.679195607
65.7349351229
18.2140589566
21.9421314592
3.10030775152
28.1425637278
22.687414522
10.3204016023
17.4256869647
21.0445846513
18.679195607
17.2758771906
32.5316542422
21.3506180545
13.53804837
5.29621855965
1.68385816322
19.6116109144
16.0517260034
12.4540752079
19.3871706427
21.0445846513
7.83912951986
17.1997951178
19.3269593686
25.5739347493
1.95194920839
25.6160444174
24.5931932916
24.2005175119
7.92703644505
25.5739347493
20.4087193007
6.50526679591
21.0445846513
21.0445846513
17.3811230947
17.3811230947
18.679195607
17.3939100651
23.0890862463
25.3997494235
10.9244529785
18.8386463358
18.5859088427
17.1951698229
4.97106657561
20.4084713512
16.2638989646
17.3047509763
23.4733929491
23.2889090792
20.7948939474
25.2689587316
7.34120598036
21.4219936047
7.20886632094
19.4562586281
23.0462312545
18.4115314109
18.7368767379
26.0296254246
24.0863260414
22.2863123587
20.2116865215
22.9827005594
23.044986003