9.71532248176
-4.18330243705
-3.55281244215
-1.65204826276
-4.76409477556
-0.919069299497
1.30520994117
0.174898212238
-3.01916962867
2.2119684125
2.2119684125
-2.0132979807
-1.20985704739
-4.18330243705
-5.36745486441
-1.41826687946
0.419455010712
-8.75256251906
6.09748879266
3.62160114379
0
-8.23811457961
-8.23811457961
0.256581851761
-8.23811457961
-5.26976153978
-0.76386178501
-5.17828379298
3.83583846841
0
0.057277094162
-1.37531092432
-1.39455086817
0
0
0
-0.300330707964
-1.62368450529
2.15205805076
0.270068162527
5.01480949249
9.87913578793
1.05366785646
-0.523062816088
1.76224752089
-7.18088989755
4.10517194375
0.288877758688
-1.70181772564
-9.90415340911
3.09607760554
0.698081262645
6.65240521616
0.899703278016
-0.407602824452
-1.66208708569
-4.84377544107
-3.18549047988
1.3980427175
1.26293915538
2.2668878595
0.93428966509
-2.10858086346
0
0.899703278016
-1.17013864798
0.031623168471
0.899703278016
-0.781335991801
-4.84303057606
0
-4.18330243705
-1.64931414761
2.9393605944
-7.29374633726
-7.29374633726
0
0
12.6284652383
12.0141111008
-1.62368450529
-0.562452013054
-2.32608237058
-2.32608237058
-5.09992170818
-16.9515342894
-16.9515342894
9.87913578793
0.899703278016
2.01187267631
-0.459983535107
-0.014356479704
0
2.36263023172
0
-2.67130575974
-0.343231042993
-1.93354012035
-9.90415340911
-3.13728507958
0
-0.784723577216
0
1.12990342281
1.10758703921
-1.62368450529
0
-0.913850839779
9.87913578793
-9.54461494691
9.87913578793
-6.76178147022
-2.29853727153
0
3.02868543587
-0.669919520864
-3.97588666366
0.899703278016
0
-0.947022369357
-3.9105211657
1.55340020274
0.390940860365
7.16806673418
-0.417397957783
-7.29374633726
-1.65219793461
85.520220472
0.899703278016
4.16777393167
0.899703278016
3.40934152347
0.899703278016
-2.24650329293
0.899703278016
1.24934425861
0
-3.45436593088
0
0.265492721515
0.834054350061
-0.804417342778
0
-2.25988452603
1.05680816895
18.0546795827
0.015517083383
-2.50221276335
3.59421351737
-3.80850268063
0.009682047631
1.21801240077
-1.93680158871
-2.87220075704
6.18090942927
-0.35175161787
0.146116511726
1.05663691166
2.66270056641
5.96418044747
1.29271609032
-2.21091199728
0
-2.17480052415
12.6284652383
1.24166331522
6.04438471663
-0.819127615341
-1.19914407465
2.78822116727
-1.0674540392
8.56985987761
-7.26983530977
-7.26983530977
8.56985987761
0
3.39645377131
2.94785428437
-0.32138234272
-0.386219404064
-11.0276605887
-1.01574124977
-0.570708123573
0
-0.870841804278
1.52552153393
1.88309614927
-9.60249622768
-5.47078641747
2.05277642982
2.52132433228
-7.18088989755
3.06039078189
-1.94752587292
6.74131516037
-3.59681659978
0.257443695353
0.977936628662
0
0
6.62272821183
0
0.200778013879
0
1.24166331522
-6.04601293243
1.80132933368
0
-1.93680158871
-0.630652492416
10.2120729003
3.90304739927
0.178567346826
0
0.617225536788
0
-1.93680158871
0
0
4.15719852066
0.015517083383
3.71162603972
19.3710882538
0
0
-1.17537804468
1.49227848513
0
1.24166331522
0.904365524763
-6.04601293243
0.244135665669
0.015517083383
0
0
0
-0.462413419515
1.21801240077
-1.09099253457
1.24166331522
-4.52807916647
-1.0674540392
0.015517083383
1.24166331522
0
0
-1.0674540392
1.21801240077
1.21801240077
-1.93680158871
0.899703278016
-1.79938448539
0.146116511726
-2.15460080478
-1.67560333975
-1.67560333975
0.015517083383
-4.20589915545
-0.376719577149
0.498306735225
-10.219635341
0.015517083383
1.21801240077
2.63353574416
0
1.24166331522
0
-1.0674540392
-3.54109387265
1.09725375673
-3.13142652833
0
0.015517083383
0
-7.62064509018
0
-1.79938448539
0
0.015517083383
0.561546966436
-2.38192851583
1.21801240077
2.53849971919
0.899703278016
2.73432028045
8.35500858805
-1.0674540392
-1.23688050332
0
0
-1.23688050332
-0.235775709201
-1.0674540392
-1.0674540392
0
1.23124866021
1.23124866021
-6.04601293243
0.984993288456
0
0
-0.18730307349
1.24166331522
-4.07794165765
0
0
1.15900913506
-6.0218807625
-7.57336956955
-1.25479891596
0
3.42501342915
-6.15412280953
0
-1.42437976933
-3.02045548762
0
3.09111318982
0
-0.992481023682
0
0
-6.78105657788
1.24166331522
0
-1.0674540392
0
0
-4.08815772553
-12.6082825745
1.75227589227
-6.77659225378
0
-4.51158315519
-12.7064295224
-1.12681934796
1.2601579312
0.956966879143
-3.72205218437
-13.3819503071
-14.2816535851
-12.6082825745
0
-4.64704300874
-14.0168108472
-0.529000123283
-13.1171075691
-13.5079858525
-13.1171075691
0.026148693086
0.972712428596
0
1.02182232021
6.84818707905
-0.291350646295
-1.17491639704
0.970603023627
-0.460572327261
-13.3819503071
-2.78922369746
-1.88952041944
-0.394485569098
-1.27711904891
-2.00214260486
-2.00214260486
-2.00214260486
-2.00214260486
-2.00214260486
-14.2816535851
-5.05636479308
-3.43543481924
-1.98338843606
-1.98338843606
-0.648926963111
-6.73315515881
-1.44496988364
-4.56950742905
-4.56950742905
8.78638913144
0
0.392842548061
-3.72425330825
1.33675542084
8.89748973652
8.89748973652
26.0822735326
0
3.18181262266
3.18181262266
-13.5079858525
-12.7224951703
32.1280064062
-0.289904563242
25.1286702035
-1.49290791996
-2.21290842139
-3.18971432146
0
0.174338566382
-4.57953685147
29.8977424577
33.5694863339
2.75003759842
27.0931430041
-2.00214260486
2.33221059651
30.4972978149
-3.69901065062
29.8977424577
27.0931430041
-0.494669314036
0.435754658049
0.115947246974
33.7212110717
0.435754658049
0.435754658049
6.5323056062
27.0931430041
31.1557779634
27.0931430041
0.435754658049
-1.33279210979
27.0931430041
0.435754658049
33.2512357685
27.0931430041
28.9833941678
27.0931430041
30.8152635723
0.956622989333
29.3835853019
-0.324534174969
-6.57699753565
1.82396790428
26.4909369764
0.956622989333
-5.04826569558
27.0931430041
27.0931430041
0.435754658049
0.435754658049
-0.442875621276
27.0931430041
27.9476992204
3.97448348339
0.435754658049
30.4972978149
25.1286702035
30.2261370261
27.0931430041
0.435754658049
29.8993012015
0.435754658049
33.4267104617
27.0931430041
27.9928462821
0.435754658049
27.0931430041
0.435754658049
27.0931430041
-2.55908551662
0.435754658049
0.435754658049
0.19060402105
27.0931430041
27.0931430041
-3.16616024312
4.06858175813
4.06858175813
-0.324534174969
0.435754658049
27.0931430041
30.9090783504
0.435754658049
25.1286702035
0
1.17105293226
0.0473551163116
27.0931430041
0.435754658049
0.435754658049
4.07688096577
0.600359845559
0.843182895993
0.823082920237
0.435754658049
-0.442875621276
27.0931430041
-0.324534174969
0.435754658049
0.435754658049
0.435754658049
29.8993012015
27.0931430041
-0.463948619967
1.82396790428
27.0931430041
2.3717580181
2.3717580181
0.435754658049
1.82396790428
0.435754658049
1.28907824406
1.45823979396
-1.39613794097
3.24233064556
7.80877249536
29.5331378398
29.8977424577
0.435754658049
27.0931430041
-1.05937084008
-1.05937084008
0.435754658049
-2.87021928495
0.435754658049
2.50673076558
0.16814324325
0.435754658049
1.82396790428
0.435754658049
0.435754658049
0.40503396398
1.82396790428
-1.02388039962
-0.442875621276
-0.494669314036
0.435754658049
0.435754658049
0.435754658049
27.0931430041
1.82396790428
0.435754658049
3.70687920473
0.435754658049
-0.324534174969
1.50847188075
0.435754658049
3.29633619358
2.03788909687
2.03788909687
27.0931430041
28.4838820239
0.435754658049
1.50847188075
25.7595245231
33.9592823022
30.4972978149
-2.33506997224
0.40503396398
1.92313838257
1.16231699683
0.435754658049
-0.324534174969
0.874992238424
-0.442875621276
1.03801079478
-0.614308802776
1.9377140728
36.7557704113
-0.0545893274644
-0.494669314036
-0.494669314036
-0.442875621276
29.2740911408
24.2931724373
29.3149813496
27.0931430041
-6.11551581349
0.19060402105
-1.61006878599
-0.176909897493
0.435754658049
0.435754658049
-0.324534174969
0.19060402105
-0.324534174969
40.2873434527
31.8139991664
1.69047465592
0.40503396398
31.0947585172
0.874992238424
5.43153099587
0.631539701923
-13.5079858525
-0.442875621276
0.874992238424
-2.4962525463
0.874992238424
-1.33176752476
40.058010699
0.435754658049
-0.324534174969
-0.324534174969
29.8977424577
-2.50366809063
-1.08885139298
-0.54348473118
-7.56825797716
-13.5079858525
-7.56825797716
-3.59938516292
0.956622989333
0.502093223501
-1.82507555384
0.435754658049
27.0931430041
0.874992238424
25.1018502722
0.435754658049
1.82396790428
-0.442875621276
0.435754658049
27.0931430041
24.8015368468
-0.324534174969
1.82396790428
0.947887053897
3.3985517439
17.4001620768
0.874992238424
-0.570134828601
1.82396790428
-0.442875621276
0.435754658049
-0.494669314036
2.85107348538
1.69047465592
11.1712923822
11.1712923822
0.19060402105
0.19060402105
27.0931430041
-0.442875621276
-12.5508084678
17.8810301176
-3.26050726946
-0.91656568098
-3.79418404334
27.0931430041
27.0931430041
1.48349663997
-0.324534174969
-0.494669314036
33.3197095116
0.752813042943
33.3197095116
1.82396790428
0.19060402105
-2.24667608936
-0.118511708014
1.17105293226
0.538455626461
0.435754658049
0.435754658049
-0.324534174969
-12.6082825745
1.69047465592
0.40503396398
1.82396790428
1.01859725912
2.85107348538
33.7149739326
0.874992238424
27.0931430041
0.40503396398
27.0931430041
2.85107348538
0.19060402105
0.40503396398
-1.4845700284
27.0931430041
30.4972978149
-0.442875621276
0.19060402105
-0.324534174969
1.17105293226
4.79805135354
-0.88001131199
32.880319445
27.0931430041
28.191154018
-1.21925534438
0.19060402105
-0.324534174969
0.19060402105
0.19060402105
-0.442875621276
-0.494669314036
-3.26050726946
1.69047465592
5.65771742125
0.40503396398
1.82396790428
-6.52365727302
0.435754658049
-12.6082825745
-0.442875621276
27.0931430041
30.8160535904
0.19060402105
1.42482585905
28.4104283078
0.19060402105
30.4449050991
-0.442875621276
-0.442875621276
0.19060402105
0.19060402105
27.0931430041
0.19060402105
1.43292320698
-1.22148836465
34.9795362316
-3.26050726946
3.27749948966
-0.442875621276
-13.5079858525
0.19060402105
0.435754658049
-25.0212588398
1.9377140728
0.203388462326
0.435754658049
1.94605055365
22.9175884357
0.298776326397
-1.82507555384
-0.324534174969
1.35424297378
0.40503396398
29.4661951978
0.435754658049
-0.324534174969
-0.91656568098
-0.324534174969
-0.324534174969
-0.324534174969
0.435754658049
2.82786270354
-0.324534174969
-1.22871965952
29.8977424577
-1.82507555384
5.4731297891
-0.698287882431
0.435754658049
0
0.19060402105
-0.324534174969
-0.442875621276
-0.442875621276
0.19060402105
25.2937405404
-0.324534174969
0.19060402105
0.925598274652
1.82396790428
0.19060402105
-0.494669314036
2.63664354245
-1.26861045129
0.435754658049
-0.442875621276
1.82396790428
-10.39291666
-1.82507555384
-0.494669314036
-1.14827696715
29.4661951978
27.0931430041
-0.494669314036
-1.22148836465
28.4240609054
0.962687738358
-0.442875621276
0.19060402105
0
0.19060402105
-0.324534174969
-0.324534174969
1.43292320698
0.19060402105
-0.494669314036
0.19060402105
-0.442875621276
0.19060402105
-0.442875621276
-0.442875621276
-0.353706404241
-0.353706404241
0.435754658049
-5.49442367148
24.9068538308
1.82396790428
1.17248749486
0.19060402105
0.82289774134
12.3927588409
1.82396790428
-0.442875621276
0.545996873775
-1.92122293133
0.19060402105
1.69047465592
1.86345441095
-3.04140347003
-1.9308752605
-3.0510557992
3.49544336556
-0.442875621276
4.36668146019
-3.04140347003
-0.442875621276
3.06977221566
-3.04140347003
-3.04140347003
-3.04140347003
-5.53962647527
1.86386473347
-0.593542322499
1.86386473347
-3.04140347003
-3.04140347003
-3.0510557992
0.19060402105
-1.56184429363
-1.56184429363
-3.04140347003
27.0931430041
0.19060402105
-0.442875621276
-3.09349746418
0.545996873775
-3.04140347003
-0.494669314036
-0.324534174969
2.94628768205
3.40611694111
-5.53962647527
-3.04140347003
-5.48014705194
-0.442875621276
0.19060402105
-0.324534174969
-5.91744006626
8.11676665918
0.19060402105
-0.442875621276
-75.0437377241
3.06977221566
-3.0510557992
-0.324534174969
-5.53962647527
-0.324534174969
0.40503396398
-4.89807560443
3.06977221566
-0.442875621276
28.4838820239
-3.04140347003
0
0.19060402105
-5.53962647527
-3.04140347003
-11.370864004
-12.7244148195
-3.04140347003
0.19060402105
-3.04140347003
-0.413706795752
-5.53962647527
-5.53962647527
-0.324534174969
0.545996873775
-0.324534174969
-3.04140347003
0.19060402105
-13.5079858525
-0.442875621276
2.07879230716
-3.04140347003
-5.53962647527
-5.53962647527
-3.04140347003
0.19060402105
-3.87650977723
2.63664354245
-5.53962647527
-3.04140347003
-8.09650547066
-0.324534174969
-0.494669314036
-4.25434163561
0.664809233731
6.18911970918
0.299419758092
0.303774377722
0.47857612554
0.47857612554
0.569450870685
2.50963824545
2.50963824545
1.37827940356
1.82396790428
4.45736851969
-3.73481542728
1.37827940356
1.37827940356
1.37827940356
0.170189916251
1.48053387296
1.52637257754
-0.494669314036
5.24092697482
0
1.37827940356
-2.8459235238
1.37827940356
1.37827940356
2.17260571887
2.17260571887
-0.583507270011
0.40503396398
0
1.24198383479
0
0
-2.99109026694
1.37827940356
1.37827940356
1.37827940356
-0.442875621276
0
0.23109830876
0
-0.186891018158
-0.186891018158
1.98296596887
-5.53962647527
0
0
0.545996873775
-0.324534174969
29.7549542125
0.545996873775
28.8692329003
0
27.0931430041
0
25.1286702035
33.760462099
0
25.1286702035
-0.496434662954
0
-1.46614062663
0
1.37827940356
0.19060402105
1.37827940356
1.37827940356
0.545996873775
-1.37470607933
4.78546445694
1.37827940356
29.8977424577
34.3952201873
34.3952201873
1.37827940356
1.37827940356
-4.25434163561
3.35729375432
1.37827940356
1.37827940356
-4.66170917839
1.82396790428
-0.324534174969
1.37827940356
0
0
0
-1.22554031243
27.0931430041
0.19060402105
0.936191608056
34.3952201873
33.4955169093
0.201742237748
2.76901842333
-3.99320924818
1.37827940356
-5.48014705194
-1.11398281376
1.82396790428
0
0
34.3952201873
1.37827940356
1.82396790428
-3.8124441413
-5.48014705194
0.19060402105
2.17376136266
-6.08579410748
-0.442875621276
-5.48014705194
-0.0626314173214
-0.442875621276
0.569025292553
1.37827940356
26.0822735326
-6.81123426026
0
0.114778153102
-1.06118909232
-1.06118909232
26.7733474144
-0.324534174969
31.9701239018
-5.48014705194
1.37827940356
28.8692329003
27.0931430041
1.37827940356
30.4972978149
1.37827940356
-3.18791758456
-0.223439476149
-0.223439476149
31.3289995759
-0.442875621276
0
0
0.47857612554
0
27.0931430041
28.8365131113
1.37827940356
0.038417954992
0.038417954992
27.0931430041
-5.48014705194
-0.853828299472
30.7085575415
0.19060402105
1.89510629338
1.49178413275
1.49178413275
33.4955169093
25.1286702035
-3.965275754
-3.965275754
-0.442875621276
-0.442875621276
1.37827940356
28.384193436
81.217945229
1.37827940356
-5.16908492025
-5.16908492025
1.37827940356
5.90353909904
29.7549542125
27.0931430041
28.8692329003
26.9017634957
1.37827940356
3.88618424745
5.90353909904
4.73177830449
8.63482782841
4.92026985375
8.07504120831
4.25193809039
5.90353909904
5.90353909904
7.2272815082
5.90353909904
5.90353909904
5.90353909904
0
-3.20232843662
4.30315993655
29.7549542125
1.19657912181
-3.04140347003
-0.376854494913
4.12932824359
36.3020736371
5.90353909904
5.90353909904
0.062326767933
1.37827940356
5.65157348702
5.90353909904
2.22214005904
5.90353909904
0
1.37827940356
4.60173885409
5.90353909904
0
0
3.29262531631
0.0754860655356
4.45188599556
5.90353909904
5.90353909904
27.0931430041
-3.0510557992
5.90353909904
5.90353909904
1.36405038895
5.90353909904
6.1977805066
-0.452164778912
-1.34257889929
1.82396790428
1.37827940356
1.37827940356
5.90353909904
-3.18018716117
-0.340444853319
-0.340444853319
2.31447101161
-0.698287882431
1.37827940356
1.37827940356
-3.70235147306
27.0931430041
1.0087625509
1.37827940356
0.19060402105
5.90353909904
0.40503396398
1.37827940356
-2.80264819505
29.7549542125
1.37827940356
1.37827940356
1.37827940356
0.874992238424
5.90353909904
5.90353909904
7.10229542838
5.14920857036
1.37827940356
27.0931430041
-5.48014705194
1.37827940356
19.1711122084
1.37827940356
-0.442875621276
0.0982218114021
-3.79260814807
0.0587546093914
1.37827940356
5.90353909904
15.5230952825
5.90353909904
1.82396790428
0
0
-0.442875621276
-9.01473396453
-0.515138196019
-0.515138196019
-0.233059527176
49.6075532973
1.82396790428
-0.324534174969
0.545996873775
0.545996873775
-0.556852424884
-4.73745306647
-4.73745306647
5.90353909904
27.0931430041
4.05760088075
27.0931430041
-5.73917015461
1.69047465592
1.94773027424
55.8604838487
15.5230952825
1.69047465592
5.90353909904
-0.442875621276
1.37827940356
1.82396790428
5.90353909904
-1.57925001795
5.90353909904
-0.103935467129
5.90353909904
27.0931430041
5.90353909904
-1.82507555384
49.0190301504
5.90353909904
0.435754658049
5.90353909904
0.12851597786
0
22.4668589951
22.4668589951
22.4668589951
1.69047465592
-1.34257889929
1.37827940356
-1.42858177593
5.90353909904
45.9240664046
5.90353909904
5.90353909904
0
-0.442875621276
5.90353909904
0.26325473764
0.435754658049
5.90353909904
-0.10940956663
5.90353909904
5.90353909904
0
25.1286702035
27.8088355334
-3.04140347003
-1.21422081657
-1.21422081657
5.90353909904
-1.00172774554
29.2255364192
0
27.0931430041
49.0190301504
-2.8459235238
-1.00172774554
5.90353909904
-1.00172774554
1.37827940356
8.64791643656
0
-0.324534174969
-0.870841804278
0
-3.04140347003
2.17572264661
5.90353909904
-3.70169906238
-3.70169906238
-0.228445678346
-0.800604339504
-2.80199578437
-0.279155049359
-0.279155049359
0.19060402105
-2.28624313158
0.899703278016
-3.04140347003
-2.80199578437
-2.80199578437
-2.80199578437
0.982149178876
0
-3.0510557992
1.37827940356
1.37827940356
-0.468371022097
0
-3.79905274118
-18.7847631842
-2.4865432107
5.90353909904
27.0931430041
1.37827940356
-11.7509564083
5.90353909904
-1.01438214459
27.0931430041
-0.324534174969
2.63664354245
5.90353909904
-1.79513298423
-0.324534174969
5.90353909904
-1.41458415145
5.90353909904
0.431798281871
7.17889929325
-0.437202633092
54.2338373062
-1.1242413171
4.69300734856
-1.1242413171
-1.07068227542
0.569450870685
-1.1242413171
-7.04313697381
1.37827940356
5.90353909904
-3.2944854389
-1.1242413171
1.37827940356
-1.1242413171
-2.80199578437
-2.80199578437
-2.80199578437
5.90529771648
1.06653427678
-2.80199578437
-1.92770018851
-2.80199578437
0.687707840238
0.569308290616
0.545996873775
-2.80199578437
-2.80199578437
-2.80199578437
-2.80199578437
-2.80199578437
-2.80199578437
-2.80199578437
-0.573817125947
-2.80199578437
-2.80199578437
-2.80199578437
-2.80199578437
0.443408132143
-1.79276568628
-2.80199578437
-2.49070988613
-2.80199578437
0.443408132143
-0.297195515287
0.443408132143
-2.80199578437
-2.80199578437
-2.80199578437
-2.80199578437
-2.80199578437
-2.80199578437
-0.018640207987
-2.80199578437
-2.80199578437
-0.010783693914
1.14159941099
-2.80199578437
-3.59938328094
-3.84244742621
-2.80199578437
-2.80199578437
-1.81138806295
-0.437202633092
-1.0009788206
-2.69548389936
49.0190301504
-0.437202633092
1.69047465592
-2.28048708957
0.0742975320996
4.38647017944
1.02340241527
-2.80199578437
3.40934152347
0.366137936374
-2.80199578437
-0.757472894953
-0.924466458825
-0.324534174969
-2403132.11777
-0.324534174969
-1.3514230918
-0.915372223704
1.82396790428
0
-0.12585102525
5.90353909904
-1.1242413171
-2.80199578437
7.69605622465
7.69605622465
5.90353909904
29.4828888587
-5.53962647527
1.37827940356
18.0160443693
0.545996873775
1.82396790428
-3.58446986643
29.7549542125
1.37827940356
-4.13394767905
-0.442875621276
-0.442875621276
0
0.61953634073
1.80020280734
0
-1.1242413171
2.6018751788
0
2.04355274472
-0.551964001185
-0.551964001185
0.861866394516
30.4814307527
5.11737205987
-6.17728005491
4.63275691666
-1.07068227542
1.37827940356
1.98296596887
-0.442875621276
-0.324534174969
-0.442875621276
-5.53962647527
1.82396790428
-0.324534174969
-0.324534174969
2.68974580157
1.40474404132
1.37827940356
0
0
30.4972978149
-0.101824512796
-6.42869735532
7.38320406356
7.23650818099
-1.10243932684
1.69047465592
0
0.435754658049
1.69047465592
-3.04140347003
1.37827940356
1.32163316657
-38.5467363136
-1.46320202931
5.90353909904
0
-0.56349875129
27.9928462821
2.29601480366
-2.44293514287
-2.44293514287
-7.45008414305
-1.54323186486
-7.45008414305
-7.45008414305
-2.76379543803
-7.45008414305
-0.442875621276
0.434657507055
3.43382347002
0.365648270813
1.33436078507
-6.75796045367
-7.45008414305
0.19060402105
2.40672331707
1.67100402444
-1.54323186486
29.8977424577
1.33436078507
12.507056203
-1.5363599711
-1.88234755511
0
-1.54323186486
30.1416440362
93.392905689
-0.442875621276
1.70184216348
1.92065555902
0
22.4668589951
-2.8459235238
0.294288917433
-8.90971920072
-1.98463013521
3.79682016059
-4.28589742018
-2.76379543803
-0.494669314036
1.33436078507
5.90353909904
0.545996873775
0.639243824971
1.33436078507
0.19060402105
1.35076679922
1.50405186137
5.90353909904
1.50405186137
3.23772268265
1.33436078507
-0.442875621276
0
0.009737172082
-0.442875621276
0
-0.927489142614
0
0
1.19293431949
0
4.05300228099
-2.67849900172
-0.324534174969
5.43153099587
1.33436078507
2.23349070475
-3.95075907722
-7.45008414305
2.89518848311
0.435754658049
27.0931430041
2.41015378964
0.435754658049
1.19191820571
1.19191820571
54.2338373062
-2.01683501935
-2.01683501935
-0.324534174969
1.37827940356
0.606256870859
-2.68994483229
-1.79024155428
-1.72472910222
-0.494669314036
1.69065171491
1.69787901746
-1.79024155428
-1.20297415533
-1.54323186486
0.513341913704
54.2338373062
0.19060402105
50.5611566263
1.42386126135
49.6075532973
-0.324534174969
-1.79024155428
-1.10243932684
-1.10243932684
-1.10243932684
19.6612394401
54.2338373062
-1.02535263058
27.0931430041
0.40503396398
23.2922717238
29.7549542125
-0.324534174969
54.2338373062
54.2338373062
1.47622177198
-0.324534174969
2.68417439771
1.61048739919
-0.494669314036
49.0190301504
26.0822735326
28.0535643103
0.569450870685
28.4838820239
5.90353909904
-1.5837829716
-0.698287882431
-0.698287882431
1.82396790428
0.435754658049
-4.88702959809
27.0931430041
54.2338373062
-0.324534174969
0.19060402105
-0.442875621276
1.82396790428
1.82396790428
1.82396790428
-0.442875621276
-0.324534174969
8.35211104214
1.82396790428
1.82396790428
1.82396790428
30.7085575415
1.01214691421
53.6453141594
-7.97618948951
30.7085575415
-0.533480279688
-0.442875621276
-0.324534174969
-0.324534174969
-0.324534174969
-1.79024155428
1.37827940356
5.13957919361
-0.494669314036
1.33436078507
-0.324534174969
0.19060402105
3.53107994913
-0.324534174969
-1.68266461066
0
0.40503396398
0.899703278016
-1.7336717023
-1.7336717023
5.90353909904
0.956622989333
49.6075532973
-1.41922708175
-1.41922708175
-2.92734364563
-2.92734364563
-2.95905259949
-7.61698640591
49.1841004873
-5.01346873796
9.48679551875
-1.50980719026
49.6075532973
-0.442875621276
54.2338373062
-0.944469896935
-2.38357693636
49.6075532973
-1.99240174165
-0.863566453922
-3.22782097312
-4.23303377033
-3.74245619201
-6.52968717109
-2.3281176951
-4.30770581917
-2.3281176951
-3.22782097312
-3.33333049231
-3.72364456174
2.05787415389
0.19060402105
15.3291583084
15.0411652678
10.2624024466
5.97889898976
18.6634304247
17.2246028632
34.1633207907
20.9884451393
17.4113328588
15.8148778101
24.5183410016
2.76856652426
16.6984751548
-1.70346569978
2.73427051099
13.234278136
24.2691415487
8.64355627017
31.8329513683
10.0468514707
4.02890850291
19.9464699321
2.51423148753
9.71652743404
5.30599542245
4.43583867982
20.650014674
6.28661753057
10.581915592
17.2172098932
3.15817950606
5.22877005373
3.39200726503
7.14091925718
10.7769802485
12.8249622126
7.77096500658
47.9263973534
14.9591213399
10.4514733048
38.7839767271
8.823916243
13.8549771676
15.8902298931
7.43420669738
13.4070406009
20.5558508504
5.50242058595
7.70594369897
17.7538647179
11.1880469457
4.7752351894
8.03986092003
3.92534508106
14.8989832908
2.5773600497
6.70844620756
6.77395342028
1.6963848499
35.7125647178
6.70844620756
6.77395342028
12.3564823152
-4.42545966037
3.34017085538
15.8148778101
-4.88838246232
-0.927857167963
49.4206881763
17.0779952463
0.275575339684
6.70844620756
4.52740208464
-4.96309360503
2.74402966129
20.2501838194
6.74780737995
17.3147735982
33.963802755
14.120587198
1.95038621477
17.7538647179
29.6981029809
1.19898982393
-1.97532229602
15.536280224
12.4617840216
10.4514733048
20.4648430899
33.6213370182
6.34821132161
3.21143760308
11.7850488076
10.108830368
5.65775267774
5.32368865545
1.02803284499
16.5039958112
10.4518956022
5.3798979044
8.03037341273
12.2620653679
7.6713643941
7.43813786614
18.3709548631
-10.630584656
17.9839317627
33.1774791596
3.51021059235
0.341149883164
19.5977333503
19.8287435954
11.9051854433
3.78865527441
5.79173893093
9.38183825621
8.79553266071
13.9482404023
39.4161231139
22.9956111445
12.3953349274
53.2974421326
6.25578517649
5.38562843387
4.73634759041
-0.927857167963
6.35357146927
13.5652274469
11.7952952087
-2.90436041659
-1.47581055634
15.9024471599
18.5943185148
18.6507223901
31.8329513683
-70.7159208139
3.34017085538
9.17699456767
-0.161135131278
4.4426919812
35.1461816963
14.0236403564
1.25649853736
25.1346197799
8.46729595467
-3.50506838256
5.58836290997
3.68650930712
6.25977808901
-5.46660217206
18.5617480383
6.92180270558
5.88650270502
19.5568610295
9.59624777283
-3.20097512505
18.8739968906
5.79173893093
3.90104075857
11.3072015403
13.9435209339
17.0506206134
0.0695532481454
4.4383068668
3.68558027405
10.2482017784
21.4013545416
17.8044650055
-6.91236266789
10.2690851991
8.87553736748
2.22231958472
12.5570075073
7.16701233472
10.7037900722
2.5773600497
10.4033973138
-0.0918706988184
6.25977808901
12.5882260297
11.6397236066
9.67512830716
-6.16228392077
10.86106645
5.97795769577
22.2376238897
26.8655559523
5.11075969561
8.14365132048
19.1952040253
-0.351537053605
22.2376238897
26.8655559523
-7.15642732201
-1.75678085768
11.0957931443
11.5293234673
18.0538344687
6.70844620756
8.0882579168
1.06402532079
13.6159408931
35.6482398139
15.0126711196
20.4675784207
17.4689309372
9.40062228289
10.4141735492
4.23226914843
14.1750531843
9.19882191209
12.7818171343
4.21445335653
6.70844620756
15.8148778101
12.6920554177
11.5259358245
6.82284154803
7.9675196751
6.99322148201
9.31379058924
-1.16094612349
15.8148778101
7.90028413973
12.2053911095
27.2452273251
18.6782204115
1.38829145821
22.2376238897
18.9443873846
3.44442711862
13.1391149164
-4.67096681166
6.63360840086
27.51836551
24.2907832526
10.7769802485
3.64733516321
9.97638044158
4.36764089307
11.7043655752
19.1198659172
12.3886457218
10.6216556216
7.18339015087
16.7372159315
2.04008033281
8.26066619489
14.152363253
5.80501641212
3.18253289452
13.5159785793
3.64733516321
37.4655118934
-1.44297664618
20.8502899031
8.96180845516
15.3972777389
16.4791908611
10.2653771444
4.62982284326
12.1847665526
18.0857439964
15.8148778101
12.0968599837
17.8044650055
6.42336678947
11.6602358094
22.124690323
17.5115468508
19.2900344097
-5.09004841998
8.47429991606
31.7189487653
14.7554035602
16.0176485295
0.452245563206
-9.56223224166
11.6963100567
5.11387143622
-9.96895729471
13.6993100881
6.91724305842
0.0643818862688
24.4690415106
7.3974766917
8.93619619967
9.93330583217
2.5773600497
3.16752257116
-16.5894374265
10.7283244629
64.4798680152
20.0043271076
0.470092315345
1.46503655187
10.2556816046
11.3540829277
19.8170690905
19.937635384
8.82939599672
34.2974083422
19.9821394274
19.4620265731
17.5515725544
4.01025286204
19.100564237
-1.33127778547
-10.0935241592
3.99753120945
23.6574392055
27.1399837899
30.1342388001
23.671417236
14.2137314319
16.2052173718
24.2391695702
0.810429957107
-6.9468425066
16.2302383024
10.6049102736
24.7025198531
2.95454052728
2.30956552444
16.080406326
27.51836551
14.00489186
4.54046745455
16.6511890627
27.51836551
14.00489186
31.6090875775
12.2036074275
2.72035445959
20.5836042337
18.8432907484
0.186463387124
18.6911753994
11.7520022572
13.6070502172
9.15482133102
5.97447280168
11.5503408529
22.3770782657
21.4730065226
22.2759815582
6.42336678947
22.752373824
27.060431398
16.5275402272
6.581222938
6.5120389798
9.89720280755
26.6448518013
18.8388689676
6.42336678947
9.88326645573
7.78507529517
15.2355532489
-2.81907794141
1.70171542576
5.25306282407
2.73494524325
5.97658726451
9.72733514152
10.2653771444
21.3122504698
6.42336678947
16.8134085917
17.3911268239
11.9275072456
6.16358156782
1.9690168904
7.58687814265
10.1026110794
16.0876816764
7.14829232974
34.4429851223
1.2042723031
12.5574390738
6.96283677922
2.85078812861
6.70844620756
6.77395342028
13.6541755238
16.348022998
4.21243981153
4.73745411868
8.88995085142
19.0970527886
-1.23830709246
14.0257692416
19.5857927439
9.59824767546
24.9770632051
6.97606071361
2.445326083
6.19362261332
18.2298489329
10.4950884738
2.79469655297
-0.88532659296
1.86884356268
2.84371361034
-5.18498820956
1.57024207314
18.0912658561
13.5884471976
10.5132669993
16.080406326
16.0930549461
26.5721800873
3.78664038446
0.004041699258
8.2296223816
12.6902708034
5.46656430613
-7.08820273402
7.83611497179
29.2335152806
11.8636806585
4.50565130704
9.26603338977
6.82480816239
4.04501034167
13.8274802723
6.70844620756
5.51498812885
9.84710265665
12.2653106862
5.16160780211
-0.312145806238
113.366360715
1.40136704115
19.1718428509
21.3768303714
7.5104381193
-1.11442336975
63.0514092477
27.6946892432
19.1276823296
11.7722764942
19.1281248425
27.6951426724
2.80729999794
18.4268502709
5.88787958405
3.22309885086
14.5154804369
9.57393917489
3.86900121978
8.97423091718
18.78888274
10.5911003358
7.78733535006
10.2653771444
9.10016652728
56.4100488312
5.21304888259
22.752373824
7.44081809357
13.8208696753
13.1021824913
10.9401151146
2.00126824526
2.91949715259
0.147157770999
19.7685956686
-1.11442336975
6.96283677922
2.85078812861
29.9758133848
0.402787134318
13.9412130508
12.0581120315
15.339129103
2.00126824526
6.96283677922
7.83611497179
14.4764021177
0.213945312455
2.00126824526
-0.0880757334944
0.269164539113
-9.40133279601
7.8109578205
14.4822174829
-3.24580370217
16.6569930009
5.76745816381
2.73494524325
3.46694901906
2.75855127811
4.60404804906
3.46926074431
15.9305755597
10.7583278004
9.27393973654
16.7833095671
3.09842358318
12.4980866084
4.93978541537
4.80092449927
20.6602405771
2.00126824526
1.13111150264
6.50046577558
3.31435996828
0.135987729843
8.29569219333
11.5311295311
6.81095077231
2.00126824526
16.067267011
3.31435996828
2.88854578824
23.6939710515
11.7049545923
3.31435996828
8.75359292674
3.07431643302
0.524224442928
7.69996746111
20.1544235202
8.55060117985
3.40201590961
57.8555865477
4.57182291417
-7.71592188687
5.66155431732
46.2152613916
11.3736800883
18.3429268712
7.66272486391
5.80764943991
14.5932590832
4.05866202813
54.925557717
5.42859001458
16.4578389568
10.0020935711
11.9711894904
0.524224442928
10.5995885264
-1.21346244985
6.08498391368
5.32250329806
2.73494524325
5.56439314388
8.29137464176
8.55060117985
-8.27918145254
10.2094402447
13.134857529
16.6449748264
14.712138813
23.1115311296
-123.080896184
7.37656087344
-2.37611295833
6.70844620756
5.51498812885
8.67701733094
4.57182291417
6.98900637207
17.8044650055
12.2007518775
0.524224442928
20.5643596955
1.81575858391
9.61387496916
3.17643711437
0.407583518259
13.5433488293
4.03455178283
2.88502921627
6.70844620756
18.7430875718
-2.72337929042
3.17643711437
0.407583518259
6.8596523598
3.46926074431
21.1083185697
17.0643703034
19.539285377
20.7338391483
8.12070375013
19.5334430234
2.12726337847
6.4858235645
9.01513271464
11.6875954433
21.1083185697
21.800702576
9.67512830716
8.99126628289
9.95008611952
18.0766093952
15.8148778101
12.0968599837
14.2022075194
10.279351591
8.79553266071
13.9482404023
7.01012067728
9.09668271874
13.234278136
9.59403176569
8.67701733094
5.45462798209
7.03510013283
6.16494339021
0.230036045991
38.7279649005
17.773003337
12.6172170025
19.6175565939
-8.27918145254
8.82815399253
15.3990818641
22.4930440275
-2.33830160373
18.9859761398
18.5826985344
9.72962030871
2.5773600497
0.797021204663
25.4910171125
14.1918721207
19.8903787429
5.00855133402
20.7949495904
0.441478116998
13.6133556794
8.82815399253
-4.45959771311
3.45181865075
7.79122972938
21.1980176498
17.8415806697
19.3518662853
17.6115528
-0.535916232417
10.2188098152
18.4147715376
1.46503655187
4.85842716174
15.2312956626
29.9940161038
21.1083185697
17.0643703034
6.48441698026
-3.00343214289
3.55308613167
6.81095077231
17.7605713362
6.96283677922
2.85078812861
15.3315054123
2.73866175186
4.43475959899
18.0691932314
8.7838537225
2.6081555031
4.60168058125
12.312366109
4.26378167549
7.01012067728
21.1083185697
8.17731399438
10.8555252186
19.4339841043
4.62280638644
9.69016629102
18.4070730422
11.4248890242
6.45574473833
2.66258323443
5.24020430069
7.66909993832
11.701169508
2.13199816209
4.26378167549
10.0468514707
-0.571441202559
13.6420175036
12.771860761
-12.5505315146
8.00379632032
13.479058725
17.3372796903
12.7530779337
24.5799001697
16.8796411845
13.682989722
8.00379632032
10.5283285271
1.64913163822
19.1276823296
18.5178543691
20.5836042337
18.8432907484
13.2905119204
0.998791736374
-5.62133466215
16.0818442114
8.86828860048
8.43304873224
3.81732976228
1.94769917
22.2470724021
8.734669754
2.52601716428
5.29867108794
2.79489310151
9.91530610814
5.15815750456
5.91163867236
-2.33830160373
15.8152798381
-0.470175767068
11.9959123127
-0.39837126929
12.9141444652
1.75204573337
-2.00212806557
10.3558342953
-3.76561271819
7.42714376774
8.74734204127
7.05821325843
16.6662781398
19.4181114909
63.2106761274
6.44060067308
12.6176703548
-3.58997716369
-2.33830160373
20.0675623521
8.53655285307
7.72110500934
9.19557385288
19.2295313045
29.805195116
7.51857387157
12.6176703548
3.4412807744
7.60082551088
16.7118251859
7.47625797821
15.7291311208
17.9556188717
21.4522725036
1.15611316671
23.5061673045
5.26338118065
2.48953859847
-2.43497747754
7.72117499234
8.64871076576
8.12333898202
13.6653115531
22.1433726099
19.4175576471
-2.33830160373
10.8756385546
19.809624359
13.8119227403
11.9514560538
18.6116882327
15.7670373467
5.61302719107
-4.01988695043
8.78204536791
4.4985419111
18.3564684013
13.4745487772
-3.89467968045
35.5850990087
11.078898093
12.151051447
6.10302482917
-2.69593239173
4.4985419111
11.471503768
14.7087755256
26.6776159293
4.38145057281
4.03174074041
17.8457070299
6.70844620756
6.77395342028
4.45317004509
3.96809906947
13.6106836343
15.5145303068
7.27481171133
10.2653771444
12.2716709156
-2.06580157144
9.45732454687
19.4181114909
11.9920521273
16.4775295754
10.0464582375
12.2716709156
8.48925298093
4.20574952412
-0.118585447067
3.46926074431
-0.0465990145034
15.3990818641
12.7978019318
-5.02187864939
6.86771416753
3.43898117055
9.32825638292
-0.351537053605
5.92892960011
4.38829954577
19.4181114909
10.2690587955
4.24152714838
23.2425278103
10.8410498627
18.9790571757
2.31859467387
1.44843793124
8.28351612448
3.64426399407
26.0235367426
12.1847665526
9.67512830716
14.1026891647
4.77867705167
22.674664907
11.212840002
8.28351612448
8.87639834839
8.67180300258
4.38829954577
11.1422378987
-15.1230777511
7.47958405285
8.16126791582
17.6755565238
11.184490438
9.33815666315
15.2932249357
18.0635416423
26.8272939528
1.9222723036
19.0739709787
8.42328013736
20.5852170085
9.54567030453
19.4384066434
0.324868928971
7.25723053294
11.478551941
19.3772053791
10.4179738024
11.6674048568
7.8807285452
11.2775275144
7.07661324341
7.72117499234
16.3379759471
14.5976624619
9.82874054571
40.8381339995
10.4179738024
10.5974816769
7.36415714702
10.9680349938
9.3758128163
15.214912419
6.57373754763
10.7736786999
20.5836042337
10.2653771444
3.88256428411
4.20668476503
3.41542776097
10.2653771444
16.080406326
0.814747197783
-1.17384167897
6.70844620756
9.02271253361
5.9898529931
14.739285555
13.3244899437
6.67507386026
10.2413155323
5.31253880649
10.6034334077
0.524224442928
15.5306244069
63.1042177294
11.478551941
35.8600288761
11.6674048568
16.080406326
15.6346620837
-12.5505315146
13.1467024985
7.47958405285
31.5605133784
6.57373754763
11.143811896
10.9981486738
15.6081277909
15.2442930449
3.48356771065
2.0117795962
7.49882517287
12.466958714
15.327761685
7.89847240056
-16.1127388296
3.16817303333
9.80020476559
15.1266948823
6.95042077214
7.17746811606
19.8504816817
10.7736786999
7.73855597181
14.3328748561
20.0065709472
12.9796672489
11.8326002352
23.8168597712
16.3009602589
7.10670543921
20.1484291026
9.7322239164
1.16521700278
9.4656712926
5.1325499753
11.0226601772
-2.33830160373
20.6196001803
14.3663591777
16.4167239848
8.43429394581
0.158810890867
21.09637826
36.8123727028
19.6551926768
12.4422123829
8.95337905087
20.9120966154
-15.041308433
-13.4870572709
6.96451202114
9.51520169909
8.34005987888
2.19386257937
9.38953268831
5.81805273423
-2.33830160373
6.70844620756
-4.2304509603
15.1340333584
-1.8029530347
14.0431824734
4.90615303714
6.8480428937
15.7089596158
10.2653771444
15.7738637261
24.9355258004
15.2650284653
17.6022418781
20.5273547167
15.3212699224
7.30529566137
9.67512830716
10.0505396312
-0.580263109199
15.210516042
13.8224921927
-15.041308433
-15.9841697655
34.0844408282
5.38125890842
-4.10704775862
10.5709621245
-2.33830160373
41.9875703469
-371.629114709
10.7132034643
11.6425285866
17.868791976
25.3643175102
9.84257868084
2.70756921331
10.9083094383
10.7356447278
17.3449451335
15.6346620837
26.536542256
17.9695353424
-1.7237209464
13.4169704601
-6.08853032051
12.7825526316
6.61569772994
6.95607987363
16.1561409747
6.81082488281
0.27426072207
20.7862390402
23.4751202206
11.5275070069
7.67732560065
15.7018440572
8.8746381246
29.5089515292
-2.51693125847
7.13081850276
12.0488875174
53.2974421326
-0.917382873409
-9.50249109251
3.00100972125
16.9802710769
11.965993815
29.1241444539
13.4553458545
10.0464582375
15.6728243893
8.8746381246
18.8946491729
8.46168399703
6.23216740466
29.7518617304
16.8921480331
24.8090746454
-3.87838882343
7.56468096067
10.2653771444
23.265663206
-0.351537053605
20.3624469621
12.0289445856
8.8746381246
8.8746381246
2.13059415977
0.677107049451
11.4630729975
-5.23271873713
11.2366468406
3.09728129959
2.6231656515
12.8800230999
7.90102239977
5.3252973186
14.3328748561
13.0058433035
9.11183222694
6.98802258693
15.7486396216
4.16305822474
21.4827300092
6.70844620756
3.80033033053
16.8886555519
15.5651316794
7.69042734103
43.8927167245
17.3798100377
1.51124174799
15.7590291289
-10.7401385504
30.0977338687
7.85607039116
6.68278009567
-0.583312602208
10.6034334077
17.5924546494
-4.47701316665
8.32266786028
7.1876596355
10.8102105459
14.7031572838
8.06988487022
10.6630156516
12.9624992127
-1.82433086127
24.0653690578
8.07312448543
8.00379632032
17.6022418781
22.2503432945
22.8860002374
20.8132906467
-3.72768023606
7.23247601237
-5.79003016785
6.68278009567
8.16315246102
14.7435532638
9.67512830716
10.43241134
6.47238626002
12.6604038685
12.3882786138
22.1574395042
12.3960461561
17.433183884
15.7955239447
6.58699379283
8.20925431729
13.234278136
29.7584652279
12.7904145885
16.7808457661
5.74014516429
-2.33830160373
8.66972462613
12.3564823152
10.1603229114
12.2918222622
12.1937251168
11.1188756134
8.00379632032
11.4225652422
17.9324247987
22.2972929458
9.9440640172
11.0391786961
8.73679858605
-1.58449050473
-3.66347347586
8.19306663646
11.0226601772
9.86979027501
9.4656712926
5.42685263965
6.63950749886
-0.285321109149
10.5763079547
9.69604718551
8.65643517895
14.0347130155
27.3633511886
17.6818037227
8.00379632032
16.5962342965
2.62296251585
5.03198140246
14.0917219625
-0.716309145566
5.7043970326
-5.92249335068
7.881271293
10.3587066033
19.8013715059
1.43333757261
10.9963705726
0.945104797487
24.7931210831
16.1955145765
12.4909970446
7.78271475059
7.56521042433
0.0251065651589
2.65696268607
6.70844620756
19.1439438248
0.980783326202
3.72402179638
19.8013715059
12.0240155314
3.11558154559
1.74898428195
11.5284224414
3.03543343028
5.7043970326
8.39914257858
24.4668380454
15.6649414552
11.2608243059
-2.98837142024
14.8661205606
0.938406213676
7.5188235348
9.35412815091
16.080406326
12.6950292501
25.0297221568
16.4321156502
4.25301647402
11.3228812503
12.0537627943
9.10656667861
6.78717229088
17.1761524101
8.41577167961
24.107725261
15.5101187544
6.62289187802
12.2104509061
11.1422378987
17.1229326943
11.8315992806
0.719696058011
25.3754221956
16.5735256054
11.1134358912
27.7865321462
7.92128227112
28.1017233218
11.2458119726
4.23430531784
-1.6903880281
16.3029564617
12.5443119425
24.1735833969
-2.34017923653
-1.4530511226
12.0765343339
6.10389859431
3.35104632844
10.0787644723
7.05461476609
3.89633195073
10.1338474327
3.95307599758
-0.313703149518
13.3986484532
6.30115591233
20.5189682168
8.39636090419
11.3970991227
7.78648445648
12.0719595304
12.4008200359
14.3447084704
10.9981486738
1.51124174799
25.4801503362
16.8825438296
16.6407684549
15.0689618465
8.74373367838
11.8112724539
12.8186641423
10.2490195866
7.78271475059
10.2653771444
11.8999265232
9.39495281111
1.86216014612
9.88448156277
5.14062180993
-2.19360935672
9.18648123417
25.9117748789
17.1098782887
11.6674048568
5.70684008173
25.9341256535
17.1322290634
13.7962069858
26.3957410752
17.593844485
2.00126824526
1.13111150264
12.8789486935
18.2298489329
10.4950884738
25.2756992889
16.4738026987
-3.29212500707
8.53939739657
1.48708499861
2.11539301531
27.8530780309
19.0511814407
9.07356353088
-11.6178282695
15.2873396524
11.5677208225
29.2921142234
20.6557417844
12.2364093696
4.23430531784
5.58565249525
6.13810693715
15.1631224254
11.6816184812
13.9525613479
24.4284994156
15.6266028254
8.39636090419
13.2123793455
8.08368250718
23.1735275844
9.23227179948
0.808633369183
16.5962342965
-2.33830160373
22.963638952
27.6516490511
18.8497524609
4.66521376402
5.68826042207
180.761935397
10.2653771444
-3.87054813122
10.7607229258
5.32104580052
7.99828583665
9.43657057596
4.75702530097
-1.47010245651
12.4909970446
-0.351537053605
16.3459790589
10.2653771444
12.8403135098
-2.50619428748
21.1235499354
14.7560845636
10.7242783352
5.42974521741
0.286746364761
13.7987062011
-0.0027906916702
8.55178027124
12.3685661467
9.65130885934
14.5445169676
15.0327565234
17.8593400568
7.0394671969
-4.70162135306
6.76431993938
7.82692167791
9.26592960126
8.83073374249
19.9088455463
14.5118187104
9.46412486748
13.2527964546
8.39636090419
4.54891854721
19.200304986
8.39636090419
54.7732365927
45.5727437941
1.41224346435
13.0330043964
0.797021204663
0.581159196395
4.93562047645
10.6216556216
9.7322239164
1.16521700278
32.55295261
13.3080566863
6.67947455792
4.0463299306
21.0134587042
6.45359941396
0.441478116998
-1.46350261574
23.5061673045
-0.992290426316
8.42424486369
11.6947097839
16.4875742386
10.0058825957
6.98108574674
-0.243276595163
5.08590595578
-2.33830160373
12.3515727355
7.99828583665
11.1643454001
15.8560234332
5.78438349687
7.71629263651
11.70148944
9.67473730588
7.27364992276
9.32966731096
10.0351626513
2.10614085999
16.1137077708
11.2309083618
9.15222694146
14.0821704398
18.0924739409
5.25253148395
11.6356804564
14.4333841666
12.9774689521
4.05543322192
19.809624359
9.67512830716
3.97910998661
14.8719404671
9.78658778802
8.42690576426
11.7458801981
-2.30262697812
-2.72041821453
0.140714789467
2.00126824526
-10.6223503369
22.9317672468
7.85914917283
10.2555464781
6.80463671662
7.9157059407
6.36875391001
2.3565069581
8.39636090419
9.57419206895
2.98398768423
11.921628433
-0.443729242394
13.5013038939
2.88713025223
8.59228945778
5.71688925346
3.41408479078
9.03279995058
9.22133095701
4.55681736406
-0.972377702922
5.57444355582
6.35555578867
8.23620874045
-5.46828219496
9.77442956289
9.5608573155
4.63288756342
10.9395571789
-0.946520928614
12.1405896901
-0.0359406288902
13.6335592534
1.16521700278
2.30889443184
10.5139286453
7.45579890255
0.666480742026
-2.34017923653
3.15421255237
11.8789761665
8.06282696566
2.13436820158
6.96283677922
2.06784606922
8.68807108874
17.6827250177
116.87480552
4.41116637706
4.96037753666
10.2653771444
-1.75996909355
34.9795033155
1.82695420119
9.95008611952
-10.7484800387
9.22927805505
11.7628207446
7.56282412469
25.2820580981
16.4801615079
18.0417517331
7.82692167791
19.809624359
13.2123793455
7.70423954096
10.3964646328
13.234278136
24.2691415487
9.71156041423
6.87161182702
2.45453004295
26.536542256
17.9695353424
8.76107935317
7.78271475059
6.90529487141
15.8805129745
7.05836958371
15.8827962733
10.2653771444
14.9033004994
628.288021656
14.2590477036
15.9310393181
10.2653771444
10.1791033054
7.83747697763
11.3970292138
6.70844620756
5.86195737675
14.3105794203
7.6749626239
9.72078336419
13.0311283986
3.04096934449
6.60428558056
8.22037541203
9.60845159513
36.1283007256
1.94515797309
6.94502957443
6.70844620756
3.17915061243
9.65130885934
11.3095003141
-4.95020829808
24.6215762221
14.5449777816
-0.0075115501304
11.6680841744
44.9641114371
16.3179869698
12.4566834772
-0.222033198652
12.0123946413
4.12800203266
17.8231953438
-0.0282982552391
6.223392522
10.9065218335
7.15837630384
1.22487213421
9.21145475807
11.1643454001
2.88987058854
-1.38941922055
20.7866918977
14.5611307972
12.6751676141
14.5611307972
8.58658102013
9.77562432898
10.4789294462
10.7736786999
5.58599281639
-1.32124295411
2.05810757308
12.0488269735
5.43880438871
-0.313587306919
0.698466775422
9.39266302818
12.3564823152
-7.90562651326
49.4206881763
18.718109134
-4.6633513702
8.83340654248
3.60689170105
19.0114588639
-5.15977651097
8.57500221252
11.3473683714
7.21708807669
8.39128165399
-1.58101857088
12.5494752695
6.42336678947
9.48630787464
9.23774181487
8.76879135714
13.2866119276
8.03014857087
6.46087025746
6.71191275484
16.5540723251
7.13773499146
0.248690946317
-8.3183159673
24.5694283538
10.5921364707
5.50970483518
9.42225006553
6.51836438381
12.6754823276
-0.980755447044
17.2612646724
5.91180330809
9.00316414787
1.71500033292
8.88903330808
21.20789215
11.8191760318
15.8148778101
12.0968599837
6.36049175889
22.18528779
8.76107935317
-2.33830160373
-1.58101857088
11.3746642209
1.15463944735
30.2559210264
-1.59226947125
6.70844620756
4.20769883052
-22.2743186877
10.9891907401
6.00879039952
20.7667004844
41.4136368825
6.70923692726
15.3914133587
6.70844620756
6.77395342028
15.6452877626
9.6138932033
15.0224181907
33.2699201338
20.1964365301
1.08194819844
6.94152521671
13.2123793455
8.08368250718
12.5289955233
-5.57612108465
-11.2211281325
16.080406326
20.0933089906
4.04243564032
9.06703618211
12.9444648288
7.4771772545
13.0166415911
10.2653771444
-0.885803761609
4.66260877068
14.7262011341
3.64426399407
1.56782323965
-2.33830160373
8.39404195337
9.62671507008
-1.99534855744
3.4412807744
9.70869056445
17.8044650055
-2.00919971337
-11.9072425615
11.917618132
12.1560005639
-1.56766333957
2.67447943171
0.0714063266918
-0.82303118305
14.8780938733
17.694133474
7.03444758311
10.0464582375
11.6283638058
10.7736786999
12.6754823276
24.8505361993
6.70844620756
4.52740208464
8.24547488261
14.6709013363
5.02835768061
-4.49591908296
16.5314642754
18.9345011594
10.3010630585
6.70844620756
18.5463052376
14.7441397344
-0.688244097701
22.08676596
14.1646994206
-7.32253151576
22.1574395042
-5.86325118765
4.98812067121
11.1379779612
7.78457164172
10.2715734499
21.3991872618
0.18793383292
17.1229326943
0.261312678931
12.4300754791
12.4857147394
7.74551161582
3.45181865075
0.709853725411
23.5061673045
-138.084487862
3.34362863213
-7.32253151576
4.51676735956
7.64247548763
-11.3886109302
-15.5642529616
9.76790120315
9.66139155611
6.71483981884
-4.39873373425
15.9945672576
24.5694283538
17.8445112088
14.2477531792
2.52502948481
-7.28251226199
6.04125039322
7.46943959101
8.09517969818
10.773923879
8.08368250718
19.6560833668
14.1351666479
14.8615439899
15.647519488
13.232972469
17.5026600831
-4.44074550722
53.0561128259
3.45689537858
23.5061673045
7.493744601
1.32255161601
-2.33830160373
10.2460153544
24.350509447
14.7998655889
17.9411528733
4.95148091379
11.7154458341
19.7430084959
31.3107097553
-0.355048077334
6.84948881926
7.95242330952
3.90728361362
11.9447917386
12.6540540248
-0.469883959204
16.080406326
6.57473945806
4.71795279442
6.70844620756
14.0927636298
628.288021656
-12.286872317
6.53305877494
6.06901260111
9.84431658633
10.5972075756
14.0255476328
13.2159257616
14.8068822996
27.0455837183
14.3118296022
14.2467278515
9.45615913208
8.56581804934
14.5567071582
9.15720990406
-2.33830160373
2.72254131793
-4.13033440545
1.86478850063
16.8376893589
12.5342476714
10.1870666039
3.03015207794
1.91708193353
-5.41298458178
7.78494527618
7.49710777679
4.53635910883
-5.01680060545
17.2436591769
13.2123793455
8.08368250718
10.6216556216
27.4835774132
2.39552266305
-3.70954356841
12.8507357016
43.3055122716
13.5992113651
4.81877506648
15.1886809435
10.6599406483
20.8798474569
14.1937112219
9.91388753911
24.100418609
22.110863
11.4461071227
5.03826821899
6.90384094057
45.3066552768
6.68295345907
15.1872180675
9.9174618537
2.78166701753
8.03489667218
17.5653955278
9.67106538826
17.02849851
-0.148547994666
0.689528779189
-7.52156328099
13.325957951
8.65643517895
-2.33830160373
21.3426822689
6.32945036994
24.100418609
18.5331666798
7.9226338649
9.66139155611
5.636873689
0.709538725618
11.0254419451
14.5390147486
5.65635811115
6.57993762225
12.5289955233
22.8741941967
11.3023754191
8.3763755533
-2.33830160373
18.2067282825
3.13958069994
17.8044650055
9.72816541301
2.72254131793
-5.71012705736
13.257037695
11.2260151319
27.7753215142
10.7242783352
11.3282067346
-2.24501923941
15.187832553
23.3535533599
31.8817123827
17.8044650055
11.0277657748
-3.1016912158
10.3436164938
-4.39498673125
19.8409269156
-1.19839931402
4.79704966183
10.1685256953
12.3399038909
11.7939627821
8.31923928136
18.5900445715
17.3527721999
5.83519487298
9.98164666705
8.89240850542
5.47194655606
8.29598831073
10.536067882
4.78066050008
9.96476794992
-1.3091895417
15.7366874642
7.82907203225
9.98040978527
12.2521143974
11.366599613
7.76231485298
17.8044650055
8.01956802436
29.1910857953
7.34808909522
5.3798979044
12.0743782844
23.4495495509
57.0661151541
6.8989030542
11.4925183726
9.66139155611
17.3954872783
16.7422625286
8.00379632032
-2.33830160373
1.14870624908
17.495859397
42.8043759023
14.7396572555
15.6026324313
20.0845481872
20.1852828114
11.6785609557
-1.79454134185
4.84957419214
4.74741019217
1.77632245011
13.5625978443
22.1574395042
15.3317344793
13.5823678606
1.16521700278
10.5523041827
9.90567635121
-3.66262336613
4.34519752118
-0.844849587273
10.866239759
9.46946932282
0.328947902991
9.77702581327
44.1721063449
9.05806681203
9.67473730588
7.14769083541
9.43202218682
14.3986740267
12.1913726637
10.1441439612
8.47357566936
11.921628433
12.209095807
3.90728361362
10.9101114831
6.70844620756
3.12338264175
6.93636622573
-2.33830160373
6.84990869844
9.88551411288
13.2123793455
8.08368250718
7.82692167791
2.07626700148
-15.168399052
11.0540760462
19.0523015819
13.219133851
14.5611307972
18.7533645911
17.8044650055
0.0702054710106
8.00379632032
15.8887480634
9.4656712926
3.94403233743
10.0275311375
8.76951180772
1.34916075545
8.24316425714
-2.48181041262
9.62366172154
6.33703373904
3.23466511202
26.7912143605
17.8044650055
10.7736786999
15.8148778101
12.0968599837
14.1885416627
41.9875703469
2.07626700148
-6.36805845946
7.26522448391
6.92415420283
6.57885694414
0.980783326202
7.7540429911
-2.48078653959
9.67473730588
2.08623413214
18.3846191789
12.9151393876
6.70844620756
4.52740208464
7.65018086746
0.111077406079
7.34938206288
-5.44852638281
6.06168219471
4.33750944267
11.5398053892
-1.13835790909
-11.3981662473
9.15505013367
12.8940624647
16.080406326
31.8329513683
47.4607636563
16.8875725181
24.3666942679
15.7690877613
9.48908464699
-4.04703157175
-0.938738332061
0.58139604649
9.35409104509
1.61922895059
17.495859397
14.7326749915
1.16521700278
16.1703280207
2.4858242754
3.22713976852
3.83617444728
9.60845159513
23.0277816437
7.97399857972
8.01180682567
5.996935944
-4.73392198245
-6.64987236478
1.34916075545
8.00779595116
14.5322821621
14.5611307972
20.3805148532
2.07626700148
-6.36805845946
8.48110927078
-5.81457438606
13.1873585119
5.26639731436
-3.67154553912
8.35574800266
392.393768361
6.70844620756
5.51498812885
10.4570163986
7.99828583665
9.32764655867
11.6065875307
-3.85233404339
11.5949080926
4.48697433808
-0.678646317082
16.5825772997
3.87044547829
-2.55204447256
19.6098727531
0.501920179997
8.31999837433
29.6931791791
-3.70954356841
13.2123793455
16.6449748264
18.1952938871
2.41450617557
32.7418516081
9.66139155611
-1.31708440238
6.70844620756
6.77395342028
3.51021059235
10.2653771444
2.32232563289
8.8746381246
10.2499724925
4.14312068404
7.98235131721
13.1041640231
-1.67651319524
5.21304888259
1.4026890995
-0.927857167963
20.010357815
833.908479884
12.2628957929
8.77131593672
-2.83999798395
6.31268949418
24.4157427098
14.9418189552
8.6144542537
26.6353468388
3.95167739667
5.22518683239
34.8806698848
1.02803284499
12.4215164506
31.8329513683
10.4684984066
-4.86174573782
10.2653771444
10.0763498324
15.1612817649
7.78271475059
34.4575495091
11.8830397597
6.85764465484
1.17889928738
28.7457104209
10.2653771444
10.7242783352
9.67473730588
13.339997534
6.70844620756
-4.7651921179
4.70896042952
13.5804877014
18.6782204115
20.0737400065
12.7343865975
5.50738982208
-1.92115791846
14.8564649891
3.92875234821
10.2653771444
8.77131593672
4.57319931432
50.850826068
29.5689512071
14.2712674202
6.75761564572
15.8827962733
3.261432008
15.8148778101
12.0968599837
6.70844620756
5.51498812885
5.94319150652
1.46503655187
26.9726852322
10.443901598
25.4395850964
24.5694283538
14.9379501496
36.9723567977
6.83691946904
19.1935795833
14.9728509166
12.5126639852
7.19149493647
13.5160309214
13.2662149919
8.46858342836
-4.72001182496
6.24348225033
20.5671367748
8.00379632032
9.60766009067
12.6754823276
14.8249570778
3.89236521367
14.1194566849
14.8564649891
11.509502378
-1.13835790909
-11.0364007572
-1.43852867609
6.83122446617
-2.33830160373
33.6213370182
-6.62467134703
0.248690946317
-3.75330317139
8.3384677217
9.4656712926
10.4981088886
11.1407471834
13.0430453862
6.57993762225
16.080406326
13.6616522212
7.37384175718
9.4656712926
27.0806225969
18.2787260067
38.7867586643
-35.4319750909
-1.41918831015
13.6235214804
19.237653741
16.8544762235
15.7886983569
8.77131593672
5.22375812808
-9.01158426918
9.48778281623
11.7870698232
12.5620643498
1.46503655187
6.27164471288
5.3798979044
9.5945974443
8.10651670218
12.0775586155
1.17889928738
22.3072324321
9.46946932282
11.1166778621
9.45895714638
8.92468565207
8.21140520244
8.41781388598
13.6235214804
13.6235214804
11.7919316123
19.2714987195
5.40384621982
-0.235879049356
8.36679369857
15.3876263632
19.7087493727
11.5846943205
15.5644935971
5.64885677832
36.4388403362
9.46946932282
13.0765715457
-822.608598066
-1.08826338124
8.77546609951
1.35122558073
31.5994630401
5.7043970326
34.1852445787
29.8478354002
11.2641015997
17.4662085517
23.5447867806
22.674630038
-4.10934650372
5.83993879474
26.3714719191
17.8044650055
13.3738416667
-414.806580235
17.1844210046
21.5614155302
23.4820801677
3.02131961106
-4.52218693567
8.70799941664
24.2502529602
15.44835637
17.2515573111
6.51171693493
28.1734381195
15.4147771254
8.81760962897
5.07483452834
20.9655385215
14.2653253086
12.3422226028
0.797021204663
6.31238342401
15.3369143286
-0.321274683218
5.94020769874
17.3897744779
-3.12950028366
1.46503655187
8.19876243157
19.1733388696
26.3714719191
17.8044650055
-0.230318637302
26.168695264
26.1671392663
11.6091497576
4.82182825354
-2.71228543974
16.8094921816
-1.6158358632
8.41781388598
2.46317358808
19.9704592873
26.3437425928
17.4945107948
9.59800879
628.288021656
0.287623422848
-8.39384003373
2.08811322082
9.5358466541
10.2653771444
34.5858373741
32.0652596679
13.4512427136
10.8636135903
-1.62079069607
26.2199333362
26.2183773385
10.135007961
5.68694440711
3.19100611626
13.1339694488
9.80158951537
2.45164882853
0.287623422848
50.8836503102
5.4421790912
-1.43852867609
4.77524868244
6.91605663413
28.6489883007
28.8517223866
6.31270722677
12.1882666797
13.8777043618
9.66139155611
5.94212763364
33.3057991194
16.6836624361
8.48900307718
10.334516538
10.6637348875
-2.31191212034
-0.391947283396
-0.553590837864
14.7225230746
9.5358466541
9.97378255678
6.16396449856
12.7587825788
36.2097329629
10.3455544198
3.18464554858
8.88673864147
-0.471598563167
14.6945158133
16.6380601004
-5.08671152554
-1.64524161085
12.4770318251
-10.804463799
11.5040718865
25.7285949187
25.727038921
25.9713085974
10.2653771444
13.0049657543
13.9288559545
2.21221789401
6.26002514725
-0.0729181312084
7.9689261088
3.70957444901
6.19948706083
12.3797586332
1.50163254591
-0.391947283396
-0.553590837864
25.3006938468
25.2991378491
32.8241267279
14.319190816
0.828775760576
7.06004020374
11.7204631115
-0.226472271137
0.209951858252
7.76126447493
17.6923367202
9.72622954815
9.5358466541
8.23338589334
2.02027154408
9.01995833565
9.5358466541
19.0281539546
25.1647067253
25.1631507276
16.9426064103
9.22297042835
9.72514401404
3.54188201035
1.36776779525
8.35982913748
0.464103567419
3.57981812427
14.3008815717
-0.174274758226
1.45034756223
7.14175751348
8.31923928136
27.7278525418
27.7262965441
12.7733693391
11.8183832728
10.160465787
9.22687610273
0.598835686584
12.3158422449
4.26381117395
5.50828225843
24.5709843515
24.5694283538
17.9912517752
15.7973216746
11.6448261552
19.266583882
0.621231484199
15.8502207904
12.3422226028
8.89092572348
30.9550123506
15.9758146908
2.91121009256
27.4856509817
27.6883850676
9.75309391855
5.40259248195
17.9912517752
16.9857500373
5.66939015924
-1.51754649733
4.51347655766
4.49025905231
20.8580817503
-1.06046644178
9.66139155611
9.4656712926
-2.33830160373
4.99576537894
15.1616946248
10.2653771444
25.3863622122
25.3848062145
4.11288484816
9.31778594313
36.8123727028
7.21510005581
10.5588725482
31.6655498094
17.868791976
30.42589189
11.4782084805
7.35984213301
21.755228297
2.98950111269
4.97219568238
6.44422743996
13.0366930463
7.54051361186
4.51347655766
7.35387205623
14.5538406224
25.9888445896
10.4981088886
9.51508416439
1.21476853739
10.6889457961
15.2702766062
10.9690431149
18.5652893956
10.6726665896
4.34519752118
4.51347655766
3.97467479732
19.4762826633
34.0083082006
69.4189441257
6.96283677922
0.677107049451
25.4937654332
10.0468514707
12.9739761328
-3.22719350721
9.12936316992
31.519582389
11.0843671538
13.5149771928
3.70001337255
0.63823948655
9.726898246
9.07298335692
16.3563975187
7.19147211289
153.95208755
13.5564533625
3.77789617454
9.75157647735
4.07261643113
10.0787644723
12.8996351676
8.60932328272
11.3060791547
20.0737400065
2.18578590872
-1.76381837429
-2.70219486801
5.0132127821
12.1450665003
5.85321069421
15.3735856385
5.57519172621
9.83250580235
10.5490329017
-1.13595381891
10.5717177365
-1.2682651701
5.17468861736
-2.04658041216
12.7382088718
7.09931138466
2.57371597012
10.1616297823
3.10088253132
12.9039044678
5.60322874904
-2.47680671392
12.0911890038
10.1702318226
10.9839245317
8.73357224403
7.76962294686
2.63325222062
3.6304928377
0.501788426485
-0.683877254744
10.9489320739
14.9060271436
7.27845241019
2.58620657312
16.8895901977
-1.87132703816
2.17909883956
11.9754288505
11.2393809166
9.95807158294
11.7810887132
17.868791976
10.4981088886
8.50636530492
12.2690263864
25.8673448619
25.8657888642
2.61999058266
4.94589442777
5.54148537059
7.52265893029
2.18578590872
8.345630196
31.0456542988
13.1974711435
7.22895100629
4.40022114408
10.1616297823
5.58445816734
3.41832160626
17.8641378245
14.5611307972
3.93190423629
10.8530099556
9.46946932282
4.83493778651
5.79173893093
25.4395850964
25.9364379918
-0.106797566582
4.38761508169
-1.16456859911
10.9771263206
13.8429473812
15.7010650432
24.7499718547
16.182964941
-1.39146648456
20.0287457581
14.3555117254
11.1712954769
6.90744114179
20.7667004844
2.05945292711
9.70985034537
25.8311759096
12.9490355322
7.39905802629
10.7201424038
15.5947183055
4.45766003553
10.2653771444
10.585806048
25.4395850964
25.9364379918
18.8030733919
8.7994569848
0.0286629276921
39.5793781036
5.16103438477
-0.162944771381
40.8081507256
7.29059674212
7.07925457161
0.0652373929386
4.45638235326
1.24525355824
25.0274164368
7.23004477956
62.1093675132
15.6346620837
4.01857727357
23.4832257408
1.3856871884
8.64407910856
3.15230262603
0.877992875227
33.839456366
6.70844620756
0.858576093019
-1.66616230098
11.7434621963
-4.18356553815
9.99435874209
15.8499352114
4.73387156723
6.95601733243
19.3580180765
5.91440985528
4.41693765449
8.56156518338
-7.13849677559
11.1088784448
-5.53385152704
7.56059037913
0.161355963938
2.0951112503
6.83542944217
2.55192598536
21.0758443912
19.335530906
4.6474103462
0.59100038602
16.0688092287
3.9399217678
3.88052177405
17.3102146789
10.1030605121
6.8809196584
5.48790952218
15.3267733322
-0.395026359903
3.59479040938
6.82272676997
10.4981088886
4.51347655766
11.9608748401
22.8876279228
40.3800582446
9.11422871315
9.86858173192
7.91851323997
2.48345324233
-0.448454767326
12.6616620442
16.080406326
18.1144486713
0.799958932348
4.4631597118
19.6664645707
7.48432263557
12.961740321
4.1388321926
4.46690840147
16.6198269236
27.2955568705
95.0297665551
8.67701733094
9.67473730588
4.51347655766
8.49729537777
13.5441932954
11.9611407095
19.2749388035
-0.768783394864
7.37384175718
9.24579167771
9.67473730588
9.77516850553
4.61609385216
-1.39512176923
10.255333051
5.92941532824
0.740317002269
16.2559197323
4.79440780507
0.377092563608
6.44422743996
20.5836042337
1.64462317503
21.1709689991
8.31013217718
4.49839279625
23.0714433118
10.418674589
5.63171345023
11.9611407095
4.09496760574
8.55935516338
26.2829777156
-0.348395906858
36.9270469351
19.597067751
4.77533457032
6.96283677922
2.34871597408
6.96283677922
0.677107049451
17.5464162035
-3.59361586516
10.5015056518
6.95794358341
16.0474577262
1.64196293381
0.305858434096
5.94428559792
6.35406698066
-6.36991061094
15.3243243154
10.6501862637
12.3951420258
10.7268245791
-3.12423311778
17.0027596958
18.0615187067
14.5611307972
0.875895755731
1.45966208228
11.7378702172
21.8622324127
8.93904456561
7.23003882474
14.398256338
15.6558589234
6.85201958982
-7.05534208436
-2.35213783763
0.725353277127
5.7043970326
35.2145305532
9.81683597303
10.4699401378
10.4981088886
4.94046477719
20.3596347189
13.0246891836
139.462783884
15.0322246203
6.28577872911
6.3664376087
48.1834639803
35.4358000813
13.2123793455
6.90268755938
8.39636090419
26.7052542394
6.65949471481
5.21003858149
9.85400742039
8.87112762179
14.85083916
2.15088974907
18.4390276974
10.1274490745
6.14655235302
6.32157304869
12.6343272978
-4.27037404462
4.05350521152
7.87975386495
5.90601327016
1.9085269214
10.2880341422
1.97900302176
17.8044650055
-1.34074923459
9.89305387024
-0.688432338724
5.88049232161
7.50187902748
11.0079983801
-2.56321179053
13.3371822487
-0.0266225907887
13.8666185316
16.9667692226
3.67097555386
8.56532297149
10.8079453379
10.1167531507
25.5904516659
15.7033410771
4.61703815545
-1.80088159002
25.4395850964
25.2893938041
5.29363455882
13.2012625992
7.6106606372
6.67065981052
2.59308888006
8.15366346923
6.63927058792
6.63098293348
53.6717799505
6.83162385039
7.99768626079
10.7756664615
12.4300754791
-3.40640359153
24.2774069365
8.3993194459
8.76769095283
17.3667284966
9.1908889952
-7.39450445418
1.46503655187
4.1470687054
7.06004020374
12.3475394662
12.8948916113
3.16228377268
1.46503655187
12.4300754791
11.4866074183
-0.37891293245
6.82272676997
9.24976713363
23.0714433118
-1.09165887528
18.6782204115
15.6346620837
4.61322190849
13.2612286032
10.0800096699
9.66139155611
11.1116380057
12.6527490029
13.7195999958
3.66967141668
26.3714719191
17.8044650055
10.1616297823
14.298705327
3.40545339842
19.5170552798
13.2123793455
1.03789627002
14.5611307972
8.2296223816
0.777279663574
6.20139925894
7.82763774267
3.13933237204
-2.45664594948
12.6004796655
13.1468508276
0.876899506032
13.5441932954
8.23787639498
35.8348361001
15.2186502242
1.32128142707
-3.99927766685
15.3267733322
10.6180290448
8.39636090419
-2.33830160373
-0.226472271137
7.40313758907
26.4483128486
9.66139155611
21.1083185697
-4.11308218149
6.14503806314
6.57993762225
2.12194861353
10.5535286746
35.2334057382
11.1208751329
10.6637348875
5.75635702327
6.1603262439
2.48423825835
-1.58101857088
11.2169652183
11.7652939966
9.13663182476
12.0518779686
12.8406953338
9.46946932282
9.53885502407
3.41590684471
2.68513825697
1.5572122675
5.95860627351
12.6754823276
5.89148471982
8.39636090419
5.63789742844
14.5953086891
0.993740492465
5.28444251416
20.6329878453
5.83124711592
17.0051417275
8.56749495641
15.9980777883
3.03768820622
4.22610439047
24.2879914796
11.9601250257
44.2424190719
34.5719217368
4.65881635401
5.30072986281
13.3277259546
2.56432165505
-0.608258575555
3.54188201035
26.3714719191
17.8044650055
21.1083185697
2.65962737791
8.24923796639
11.1259705931
9.16322951687
1.46856339334
20.19374768
8.67658185989
20.7254236392
18.1426923247
23.7643313016
21.1083185697
15.8448426736
-2.27450470095
13.1781809965
10.2653771444
17.4272990077
13.2123793455
9.43342747324
-0.280433441493
12.2935660641
0.680151518539
11.0794508108
6.94195129496
36.886767853
8.59862751854
17.325442704
16.080406326
10.5904637545
9.6985613979
12.3697680334
3.57025087513
21.1196351353
9.96836415254
9.9791756649
15.7248064993
16.4282196745
7.37165867182
1.77479642038
16.4614197189
10.5956932447
1.46503655187
8.92468565207
24.0834299556
13.1781809965
8.85930590122
-4.945938743
10.5244780822
9.53594451665
11.9592594337
9.89933908958
19.809624359
5.7292931284
3.73660251444
10.0916707253
12.9626337897
-0.13340488473
9.73810106637
13.2441142346
19.8450177182
-2.86343247485
13.9086998201
1.46503655187
4.52463066397
8.60624582419
31.8329513683
9.9791756649
23.2303913816
-6.57067982603
5.83937642514
-14.4966057272
5.91515623117
35.489668157
0.788043139011
9.70668634138
9.15364393704
26.0480533794
24.2879914796
11.4254964389
13.3989115675
35.2145305532
17.4898013977
12.3564823152
14.0261111551
28.521085462
15.5601701841
3.87629714378
3.61715286808
11.8311796276
2.46408054746
9.74306636973
11.7049271767
2.13289790964
15.2495755348
3.73170128826
-0.591145316871
14.2216182936
7.82692167791
20.0596956364
9.86470916647
8.74269468933
0.777279663574
2.4751881594
6.75694367138
11.2335742056
-0.665009661627
48.3801811871
14.0389295232
2.65864975322
10.1847465541
36.6315906684
-0.97341891459
14.4726262311
3.73328090165
10.9557091812
24.3540800295
4.34519752118
9.8433986551
0.718868169814
15.8148778101
12.0968599837
0.190351474718
-1.06347799941
-6.24865845492
13.1539002294
6.96283677922
3.51197899655
9.72748010601
13.094061116
8.50955387617
-0.743909681685
21.6245556137
7.61113673937
7.80323652146
46.4547348165
7.94093473893
11.723249354
24.7463321969
8.34774617688
10.3527550326
-1.81410515806
16.7816006665
7.71857238028
9.66139155611
6.64966591209
23.2046250602
7.67732560065
1.37671097523
17.5783915545
12.3080628205
3.18542366749
4.68449229013
25.025512454
15.2495755348
3.9868067112
14.9094720707
19.6683354789
-1.18154009109
35.2145305532
5.52905370536
26.0520963624
-3.36710792003
11.3575773747
10.8489537582
0.994491717395
10.8489537582
7.51871423939
3.95416784525
10.5677683041
12.4118653377
10.1623041746
11.2087901654
-1.95833663413
1.68239902188
1.4606578762
9.46946932282
3.34107086749
4.53582572953
24.2879914796
-8.46974542559
4.73398007815
1.03750971151
4.65501252494
16.1831696085
34.4930818768
17.1571500686
12.3245056158
-0.351537053605
15.8148778101
12.0968599837
3.84064895771
16.1643901162
11.8378730657
7.99495423061
38.2276261232
11.7432805477
10.9180234655
12.3564823152
10.8948191033
29.0699856359
21.313774037
8.68227034837
22.9636697172
23.2763395362
7.50009620324
-7.79655883727
12.3886969848
4.34322395769
2.49441704483
10.1621644931
3.81190820751
6.56214480479
-2.69944168986
14.6489836427
18.2298489329
10.4950884738
9.74290521554
4.28659946605
16.0837981839
25.0452745125
47.9502072042
6.22168693429
11.7224574552
6.70397491553
29.4452599113
13.0047988899
10.8064755111
6.99913624938
-3.72239688502
16.3059699536
11.5766388366
16.3059699536
2.57864963965
19.9623701627
0.161211727906
18.5556440936
0.0059791299826
7.54366127926
10.8489537582
12.7757907956
9.15364393704
6.17585863869
14.5752959125
12.7058358273
1.76055725161
16.3059699536
-0.34542867215
12.4300754791
4.83508643658
17.499934781
18.7220901784
0.909179267437
3.5435976867
-10.804463799
13.3369147179
9.55108130111
1.62676006752
2.64340622826
71.4530432895
4.96191857785
7.91065723585
8.43637357798
2.06784606922
1.89248206318
10.2267523557
16.9627039999
17.1900282535
11.8518073068
15.2495755348
12.5161605902
9.43969885704
11.948827257
5.636873689
9.39851290815
10.1223196428
17.9561789886
8.19732687081
4.60777996787
-5.21622009843
-8.69943585406
13.8274993545
7.27912936517
1.36321368864
-2.33830160373
9.29531364063
10.9647236055
9.56239952361
11.5086549334
8.81066262132
13.339433478
5.28714718703
3.15555039636
16.0485862008
35.0736107106
27.3844795426
13.132011035
-4.04621048756
34.2756838592
9.02388825345
0.777279663574
55.5247964941
1.79501082785
16.7336131021
12.8070383081
6.19373809587
15.0406991638
3284.26784031
12.4300754791
26.3714719191
17.8044650055
8.19732687081
1.52551085052
4.12481506917
-2.27734679116
8.76253027711
21.7136839582
7.70756806412
-0.652270127896
2.59325077999
2.59325077999
2.17333038924
13.6765478498
10.7364586977
13.0846182611
9.66978149588
-9.43778491507
1.54331192233
1.48309137962
16.199075733
6.25578517649
12.979342306
1.16434166629
21.5719340881
10.2479023272
2.32389978205
5.11422790992
7.50746900071
9.11963594518
3.74759851704
-0.0669702650894
11.9231608748
11.0530041322
2.59325077999
-0.5741967209
8.78909019737
-8.18543801269
6.80603345693
10.2653771444
7.85701728428
9.09028376142
10.7736786999
10.2075873385
13.926665828
12.3380245353
14.8753768915
1.70247782049
15.5213424253
-0.636334293088
9.07892387553
19.1623981654
-7.1031242451
-7.51056595724
9.05806681203
9.21876192638
13.7063066423
8.07532424819
-0.474789058244
11.0700148298
0.704260627104
0.468239329545
3.64247353269
3.92261871478
14.98770189
13.5835257639
24.8126830767
11.6852934535
0.241851274585
5.80171274755
16.3059699536
137.590052149
10.0725071661
12.8723423987
-2.63977793237
10.8012125769
11.2306914329
10.4699401378
9.13594110441
1.63872561758
1125.08009327
45.0176521181
2.59325077999
6.44212889353
14.8535105776
7.86774287753
-2.28377884156
2.63028220018
15.9001216361
-3.49454233502
7.81811641548
5.21435302353
7.74984306217
10.4696628953
1.13374731547
25.6875624091
5.99900249667
23.0714433118
6.34530962103
16.8376893589
2.91076137216
7.95695739273
15.5221651215
11.3868362378
12.3422226028
9.45048772813
12.5128247219
9.04333461198
14.2991266931
31.9496359541
8.16149641427
-0.628239483686
8.07039041673
16.8050593988
10.2479023272
11.0051853601
9.9791756649
1.42127694889
11.0578331821
-0.235879049356
12.9450778141
-0.343843892246
18.4552340557
3.41234258528
6.15188467337
8.51826769995
15.5922334143
7.60746164764
4.66120462825
8.91736736826
9.05425426608
2.17485457714
-4.35378164448
-2.20306216401
3.08399078511
16.4978496995
12.0193900051
15.1521054937
16.2581918095
7.09235308685
14.2216182936
1.51579647191
773.766463104
17.2073474218
7.12907623375
25.8823047517
88.2416376266
9.18100690073
4.11453659338
10.9401151146
8.21343846465
15.2495755348
1.47422777899
13.2098441019
2.59325077999
1.73003602744
16.8427071672
2.45358189312
5.95255249857
10.5106086805
11.9281510843
-10.2713538196
3.18542366749
-10.9417314599
0.652210431323
17.337880903
24.8669981733
15.7077436615
-2.03733754471
-0.76288667628
2.59325077999
11.8460308293
13.5441932954
13.282516432
6.29678801176
22.8498027907
14.8275271864
-5.84390778447
10.2402950165
24.7394082967
2.14337252216
1.46503655187
13.924667806
2.63028220018
14.3729544597
9.57678486542
4.26597221947
15.6346620837
8.93713724077
15.5922334143
5.24200906256
13.9252537724
13.5225118807
7.25435205794
26.4896932859
9.9582595192
15.2656923982
-2.63977793237
14.1941803619
-2.76157854925
7.6106606372
6.67065981052
12.4685965585
9.2073058093
3.74401557513
4.55125860231
22.2728628003
7.92846050067
6.96283677922
0.677107049451
7.50009620324
1.04489623776
-2.37288168502
-2.68654814438
8.96005429049
-0.824200296935
2.05136034152
14.7686650914
15.2672783504
10.7857334563
26.654549499
1.9442138502
28.6483271984
-2.58752826482
-0.299602211187
-5.74038806348
7.34308189782
-2.8542415225
8.44831745548
0.693893434446
19.1354205727
14.8519171159
8.99126628289
13.6565393389
3.53181359771
12.6194165615
12.5211016017
-0.791167141444
9.37417013001
16.6697722204
6.47220940001
9.6793406987
15.2495755348
-4.61245894266
19.2418358981
22.4953343953
-0.739526765788
17.3786791465
20.6252825996
11.1252996609
-2.05043759506
5.53815514254
3.59124679665
3.94459893626
-5.21622009843
-1.33509295161
5.24200906256
12.2296689838
-2.94384326242
5.24447708891
12.1309570688
-0.494135327141
-0.085248221728
27.336617668
-4.03285326569
2.59325077999
12.3332534884
4.96671974897
-5.70371848449
9.28178613695
3.90756751607
6.57290731281
24.2879914796
11.9601250257
6.23216740466
-2.12230481834
35.2145305532
6.77019049806
33.429652204
8.14497689938
9.86571381628
2.46139149647
6.73029359611
15.8255395503
4.56626108003
11.8928637477
16.4916152035
15.6008610003
0.777279663574
3.88637079558
5.08562809275
12.0387598995
1.92975724059
8.45185356716
8.70421502105
19.0112896201
14.5611307972
10.2479023272
6.14655235302
23.411923178
7.38815378726
8.91736736826
2.59325077999
5.96274132122
12.7849477496
-1.33272820468
8.84597147735
43.1143450113
8.09731352703
16.080406326
2.13784699658
13.9696623783
1.3464337345
11.6627011595
11.7662804116
13.1525600859
4.12536753615
16.9118591947
14.0236756455
19.94138469
1.63585581995
13.8854901229
18.9336494549
7.63937241077
10.1809006431
22.3613166035
5.50242058595
2.25352538875
5.11075969561
8.7053266366
11.1882056501
9.20571032997
10.7420588499
28.762091156
5.47541238298
17.8044650055
-2.60530407404
-3.47546081667
9.76814491506
24.9681223912
31.5729818769
-6.03078985374
-5.16063311112
12.0832565675
4.9639226198
79.2860682404
4.29032665228
1.92060628619
59.3119520308
34.3603958182
1.3847246989
17.8471892785
18.9709360112
-0.140421098909
6.96283677922
0.677107049451
9.27533872608
-6.46777936245
4.51709326218
1.38289406471
7.50527998505
8.3657626377
2.72254131793
-1.33682200191
-11.6371383312
10.8489537582
11.2664443995
0.373647489451
3.62151781517
9.51949034903
1.93907178146
3.96524277024
17.1112407411
17.3820832408
4.68378733012
-4.03285326569
12.3816760522
-2.17923500125
16.996100352
47.9761122764
13.1235450464
7.90174699895
6.47790984688
6.81049839946
20.8855052491
-0.582389951905
7.3856066336
-3.46488974099
3.51933315642
5.6676593407
11.5632768162
9.28616220462
12.0387598995
12.4300754791
4.32533325631
2.21439188952
7.38537072516
-4.90526939206
8.91736736826
0.574679057188
13.1316109966
5.21824221904
3.20152072659
-2.51561566387
-1.33682200191
3.18542366749
8.85524449607
8.06901461776
14.5693875009
1.09162303892
6.40258731494
-0.82115976121
0.821376344283
3.18968955946
31.3764164274
6.57838654523
3.45181865075
1.46503655187
2.86226426943
9.3591279605
-1.22042793611
-2.02081992335
2.03207088133
13.5441932954
-4.42751087984
10.9856732573
1.6653639044
11.0270877983
16.9442267323
2.41664850986
23.8953119338
44.5020781874
42.7617647021
29.456913429
-0.226472271137
2.05136034152
15.3861405358
6.5158098407
13.8412854916
2.71874846168
8.02194988799
5.70453701269
13.2123793455
8.08368250718
10.7397462728
5.02708158247
2.7578815474
5.70453701269
-2.6649277376
2.83365001403
11.5134658632
12.7532785641
5.22083079842
0.206878861819
10.2207301124
3.0571707083
4.16908374034
12.4586237194
3.22332547842
0.327261020363
2.89250217674
0.0346189433666
12.0386636967
21.0750348146
0.883963989925
-0.407628795659
10.5078201769
-3.59289593204
17.8044650055
-2.74759469177
10.7364586977
1.93632523075
3.03065616329
-1.29637021831
4.64560035293
33.8177989629
-3.48974027785
3.75459683615
2.59325077999
8.27385651279
11.0644581687
-6.2229805428
13.5441932954
0.427493237793
1.15722235494
1.63280990444
16.4736377512
-6.77613318137
9.32883840991
-2.60530407404
13.5441932954
1.46503655187
16.5181888043
8.80882243771
3.88785125974
7.6106606372
10.6342226689
2.04722951124
16.268832893
11.8406459181
-4.2322908572
20.4366825364
1.77910904597
1.84622806714
10.4759945685
6.48809472444
16.4389896495
3.51532611454
28.4840788775
2.91511265675
5.70453701269
-2.90686323228
15.0334103884
9.60857242073
41.089691333
27.0211678575
21.1166946154
11.4761791722
12.9497890171
2.59325077999
7.65782530032
17.6308095307
11.5055388747
18.5532380535
8.91736736826
13.1599164229
-2.35146452078
0.45215655653
10.2143772407
7.38347487143
4.9816338957
7.78271475059
12.5021186087
8.7110880387
5.85367234527
-2.83720097823
15.4990195764
3.98159016469
-16.7366476947
-1.0904906747
13.3748123567
0.922311714068
14.6756397321
0.303220625673
15.6538024192
8.7692622988
