19.9366312928
17.1925509092
3.48219823691
60.8431013775
25.8425989336
16.9584177422
0.213670230326
-12.2848968299
15.7504184085
-0.235696798933
0.357989633868
32.7795361193
-7.09297300631
16.6709192449
3.69945312861
2.83609925463
9.51996511377
22.8626088187
9.42919005995
2.41067418297
2.9522242375
13.4049509193
-3.54056215557
3.24505832053
27.2262195328
2.88920523266
8.86980106482
17.0065870195
9.68505513732
8.86980106482
5.72800396191
0.606642215892
61.396005482
23.080230599
29.3438677197
-11.3378581964
9.90020734989
1.33686979744
22.1643736839
-0.306697515961
29.6818857635
15.1247024256
10.314753975
20.0960650142
7.86310988674
25.032013449
22.2255157346
18.3997415041
25.5631714426
11.7435276822
20.5817552409
8.1503741851
23.5102317063
27.6039163244
11.0564536115
47.4129624732
14.8938353938
-16.6401546665
5.3408814427
17.4221695026
-1.03969978169
26.8684211339
35.1252859393
37.9911768526
29.420588524
-12.7025963247
0.961194350965
23.8353852346
45.5651097956
19.796343005
30.8984798118
12.0220402849
5.63620400436
17.4133292582
31.2339013041
-0.954917772422
29.3845613155
-4.29685771311
15.1452196873
9.48129945839
23.13761455
16.959472411
33.4870983679
8.19901493996
29.18698288
28.5154206828
17.4416253413
-3.64921018107
13.0897092704
20.0895868546
24.7179719527
308.627960965
16.8584603138
18.4849658779
24.7804983199
21.9211453549
24.0357815473
95.5119581793
-3.39802267912
23.2053341581
39.4464349492
6.40446099079
3.92266303093
18.3002082364
33.9224589762
24.6052023786
37.2029632746
31.5856823801
16.1965360635
15.874039844
11.0807680264
27.0784913739
-0.997601886087
32.4998401315
30.1713902247
38.9287559116
18.5773923559
20.9301757281
25.0235987437
10.7868611423
21.4986685363
5.87529649336
20.8080044016
27.0864222652
10.30169617
15.8805410719
47.213887157
-1.45435005604
21.924076453
9.80220659348
36.6745147121
24.0980120161
31.4879620779
19.5133931584
-0.214879141212
45.8758425222
27.6694296844
30.9160443265
16.1613435202
18.2883123692
22.6463271066
17.9926927664
22.614831289
26.4744905184
63.4243224462
27.7386829737
35.7034777546
33.4200428443
2.46329866378
27.589847553
21.7548879555
20.762219506
49.7179393747
19.9082476269
22.6347407637
6.40446099079
22.7725804265
43.5844052737
48.490944972
29.7778158143
29.4849569581
49.5049409778
14.6307705723
15.6257489087
12.1741201915
19.0395064492
8.07712965208
19.0790051761
10.2297450622
17.6877381584
16.7477537777
28.7649330826
30.7483709652
25.7010411979
23.5461693056
16.5625266151
2.81743450434
20.3174705738
20.0004471515
64.2703899294
16.1888774035
14.7413427567
25.7251278374
31.3932633489
22.7580332461
23.9047787314
28.1378700679
6.61983854983
30.7483709652
22.7649706976
30.5839254262
21.1572075643
18.3417498381
21.2739538909
20.7058114857
32.5367566152
-1.61107335274
34.3665350945
18.6260593349
8.13883086034
21.3373673092
4.25779366607
12.9099513259
18.2946911287
13.7009118725
25.2215714215
15.5388378834
21.4339419047
27.4584453491
23.4488700175
19.8760725547
-7.91724623448
29.907443242
8.13460248106
28.307345899
16.741387946
8.90765721795
32.0629459237
25.430524689
19.7478666354
17.8792034189
39.962469558
22.5779742195
-6.8601665357
18.7563950215
8.13460248106
18.7350130172
23.4227380983
10.4919053872
6.96595308455
29.3405877849
17.2243938561
2.38371157299
18.2911003555
8.30253162744
7.46416204174
18.1965097814
6.25772417242
1.81333938314
50.7392109681
32.9941324743
18.4406221411
25.5741013581
33.7121577239
6.57881080844
122.19824358
19.492786792
16.9426277964
18.5263353485
9.40791078042
52.4923399357
-8.64430226271
3.12089327526
21.7044449338
22.456460355
17.6770960773
12.8497722484
19.9963672556
9.98920484074
4.38641009634
16.4503545979
25.1990583675
15.6244332537
26.9122490927
14.2389547728
13.2838202108
30.2080574366
-1.03969978169
8.89700961763
19.5421632195
23.3018210527
13.9201451247
-2.95038894415
2.58034547728
-2.29474986323
23.2075618076
20.1609839348
19.5765782356
14.8316600641
8.13460248106
19.9516609571
18.1542361636
20.529978801
25.1364234865
12.1062601806
7.58332287185
16.5840306962
17.6133963348
7.02323901745
23.9145000339
17.4902737802
18.9210551105
11.3522973718
3.84013200195
12.2129323582
26.1820121257
36.3093314349
31.1769754964
8.10650762063
13.8829291425
26.41466908
14.6622159695
60.0598330777
24.1094748874
16.356777544
23.2687877211
14.8471287554
24.3976788612
8.17453674626
23.2200850272
39.4879202587
6.78819044282
20.0196959838
15.3730497298
9.40129656964
25.5088245993
38.3358126594
23.318086342
1388.44926677
23.9594983409
15.9304583847
-1.15810704076
17.9423516282
9.41448793227
66.1068146911
-8.98111037319
-3.02951277738
65.1618763716
-1.03088177631
25.7421476744
28.5843270978
-1.17110614821
0.707182425537
19.3581264779
-0.606340864698
28.7294224761
1.65910143628
20.0895117368
-4.01891501276
-1.03969978169
-6.17101164897
12.1331393845
13.4933022574
-2.55346057409
18.2936823809
0.615378665436
-1.00510399775
-1.17047042965
18.8685182987
16.9363307363
15.1447524509
19.7764075831
-0.600678846009
17.1143896628
20.2490679658
20.9027306579
13.0306349925
23.8568869723
30.7483709652
8.42961775622
-5.13906125713
21.5801791793
10.304834394
4.14667081639
18.5525063315
36.4846512188
1.77192614619
8.96180311717
2.54721325691
16.6271190741
30.7483709652
-1.98262639547
-2.7651825983
24.239342872
14.567747783
-3.76885676136
8.94491510343
12.2744045657
-14.1368759449
11.0524990211
34.5260192895
17.1376257886
11.6129566409
5.07501569755
19.796343005
8.89188551391
20.1262938483
-0.914814725914
1.68509819873
11.6387647035
11.0807680264
26.0825532351
4.36903562647
7.04197819125
-4.76258512004
1.17184450597
21.0390280563
29.4421901496
-2.07826684121
23.3158550992
-3.06560425775
17.8300629385
58.7137741848
22.8074844204
20.6882374928
19.9838618641
22.9894739653
12.8068953401
-2.09325901736
-4.73000526155
14.4315156334
25.7747010892
-1.86652681116
10.0622813361
3.51468647408
2.5680458989
22.0620243512
3.72111365291
1.68693931075
3.94905278107
10.7460833679
29.8947655777
11.6786017729
-0.39686968599
28.3749457279
6.15965701039
27.5820025104
-3.00604192643
21.0747536067
3.6831466158
5.18090914161
1.38163936991
45.6361262126
17.4590694869
16.1613435202
14.6622159695
25.5088245993
26.0395517233
28.5282177705
11.2116030088
22.4137521983
4.67235596734
20.2814245329
25.9039289668
25.3772185097
2.4507263376
2.18086329748
15.2686328711
2.11753034676
2.43208928402
3.23722173674
-2.61278461121
32.4545529794
22.6347407637
4.34516705347
19.5280065144
24.1052257297
18.6734299955
34.1149138411
2.4507263376
24.360013588
21.350651291
12.6108511804
1.62859680576
326.338805758
28.1959113355
4.94470038035
47.9588352949
0.487927312147
31.5056539981
17.578413828
2.57353252636
8.13460248106
14.5940750049
27.1656702424
9.07450181376
19.8736333292
1.10391498277
2.49253302299
14.815273217
17.6446296831
3.69917365108
-0.653928165958
1.80608354412
-9.73329183003
24.3976788612
-0.681124090018
23.4560621065
54.3738442608
29.5541608626
-0.047915826467
-2.07382030253
28.8101834035
25.8545518725
16.6794083893
0.914715704402
4.58745549952
6.51738222726
14.4946268769
7.01417330772
-1.16334364932
18.9107208666
-5.43091457344
17.2919400538
3.34622980134
19.6380485843
4.41983298021
12.0001299358
3.33714402375
24.9092082754
6.42014334122
19.1588566364
8.13460248106
3.24505832053
-0.619264557257
8.51111795455
6.949984883
19.9418174324
30.5373736299
25.5857017913
23.5602228664
22.3313980861
28.5537260105
20.9076333852
45.5672968341
18.3876185416
12.9937347064
34.8143163508
12.7241413258
29.0602632442
46.9597605114
23.4291379979
-0.363685533455
28.6100962956
8.21354963291
21.271127528
17.233005951
509.156777241
-4.1014810253
35.8927516196
25.2215714215
20.106105482
43.4101213686
12.3951421835
-1.57924104768
16.0012086732
1.50405186137
28.9195681282
22.7013950223
16.4606361661
23.8021657544
14.7837766511
24.2816479155
27.4781114419
36.4111430107
4.2887015078
17.270537211
-0.874629444753
25.5088245993
16.0488121348
13.0931441195
20.7785731161
27.6490165329
15.7985006093
26.6935168676
1.30383872732
31.5056539981
1.50405186137
-2.05847596781
-2.33461009426
0.956023198645
18.5872838655
3.28090187085
11.5256908981
18.6362010435
15.6521710146
23.8234310506
1.66617677613
26.0547027176
10.9352396282
24.4133741695
23.3089867978
8.13460248106
15.7860717112
24.5353045
4.43271124963
53.5517863266
10.1818941463
2.17650955796
15.9597613781
13.4407768894
3.07535076079
15.1597655741
33.748715922
23.7779793474
27.3409754554
-0.904149420422
9.40791078042
15.7782729517
27.0744877533
18.8146925421
22.0890826155
7.8581225753
22.4868230112
22.630335667
28.9195681282
23.3805077302
20.2241548437
19.2053194318
14.9225486086
19.8217600392
30.4742152081
6.27588773814
9.86903607087
20.9341966871
20.2606684613
20.405548414
6.55833608137
16.9855531349
18.4335864617
1.50405186137
-0.490519711338
16.0977732754
8.46285148557
22.7679925816
25.0307603411
13.0720687153
20.4907361632
21.9730484989
45.8045441804
2.10395651107
18.7469555765
23.9538714939
11.2434131617
50.0356842767
15.2738836792
8.13460248106
21.1921011014
22.6038067936
27.7935495081
-22.5228252098
4.85996288927
25.4570666285
5.15905038406
19.4888100188
20.9898532858
-4.08669548909
20.9312572188
23.3180672331
11.1782709821
11.757709379
19.9196328776
19.496374645
20.011589756
1.51378903346
23.9231664328
20.1290736404
31.7860563288
21.1652032258
5.37568581472
21.7930510526
32.0530182318
11.7994830885
25.501184508
25.2497437254
22.2509116404
7.92355869653
14.7564947781
1.50405186137
0.602544207372
25.8516165251
33.4437572516
14.7140743989
22.105132055
31.7860563288
10.3463528941
43.6949388745
30.0276066356
29.3162365111
0.561167139837
31.209720898
25.8429411048
-25.2664755839
0.576562718759
24.1299275676
21.8985267441
33.7717225629
22.0707355434
-2.49770146922
28.2735998429
18.1304101151
14.2977734444
23.4777610707
29.0494459209
8.89188551391
22.9736690145
0.316659679089
14.302959959
8.18294123396
21.4283407534
21.5761112227
0.848266688188
27.2483810694
21.4500322217
19.110343202
56.830078342
24.0260707539
0.732898173266
-2.80196645703
45.0868382204
28.9195681282
25.2944496748
22.2073152546
2.69698618086
18.470231627
23.8682652685
19.5434056115
16.5065689485
23.8682652685
22.9673150904
31.697029721
25.3788596823
-7.77017685893
19.3368802177
26.4023341711
18.9296142322
28.6053104851
14.7163547745
16.5941192441
30.251838751
28.1864547975
20.8678122189
14.3727414531
1.63260145128
15.6165600624
19.5705670339
21.8911056837
23.1069239095
2.14215878345
25.4805834945
22.4305381584
14.0387851902
15.0561002147
8.82110151398
3.56603557161
3.02075380973
15.2875401225
9.16408769388
24.8016296389
19.0129103574
12.9369358989
20.8708621494
25.6872970515
30.3507906026
18.9901143117
25.0455782575
-1.17444714035
13.9731199199
12.9188748865
19.3719421842
24.3199456754
20.3715254955
18.2731768916
22.318912493
29.5049261913
30.7483709652
52.822598561
26.2837491988
19.5325918719
20.8162054007
5.97471897556
18.4031098755
17.4838438967
19.1803306237
22.4483836798
18.309773932
14.3353017706
22.6544203188
3.54250157161
5.83259475453
9.07450181376
32.0388932207
29.9189765438
14.1218771067
26.838960166
12.2530587784
14.5937963733
8.0062528886
-10.8302593567
6.38179024099
4.81860463226
25.089313625
6.19211298491
13.9314604615
25.5088245993
19.0395064492
26.9582591494
10.9491335158
31.9625137757
20.2179946129
19.6030699926
19.2546810944
15.5232959057
21.3840753807
5.82971433048
20.1780939918
31.3599825942
21.2422923243
8.9795410095
3.04625595336
26.5320824825
54.2166392405
27.2665686854
25.430524689
16.466172575
25.0609545841
14.132739987
31.6469405094
17.038028891
23.1246840356
21.1578615942
10.9480260356
21.0023074966
21.3629123006
28.1673035015
29.6609225225
20.3920479619
17.3753422538
25.5452070042
-1.39616960485
-3.08200522907
23.7411561724
18.971447117
17.7522555773
15.8373480561
23.5555269273
10.7005405545
25.5057112688
22.6399472035
30.0556252852
-0.576311205736
33.8488968879
8.95670395816
-2.4978193185
30.7362405907
6.62645243738
23.3096043791
28.0383218062
10.7208103085
26.598037479
29.6532295118
7.69630484696
21.7866424287
21.1652032258
4.49656796633
10.8796657926
17.4718535985
25.8465106882
46.1572412645
24.6872881818
17.3705847155
19.592650665
13.7840950128
20.5359020758
30.2186868721
40.8982612861
14.7226653813
22.2315450205
18.8282818935
21.9699690216
20.2299041038
14.1633817672
26.019674341
22.3888379621
21.7336908286
28.7098837073
24.5884955125
19.2223156224
20.4068599072
18.6539574661
59.3182557201
30.7211724455
21.5508044952
9.32194093777
15.1204819873
29.0167399751
24.9966259048
21.8050041769
25.4590034537
20.8508417803
15.9837766667
16.713552055
19.8218319266
32.9771472081
22.136204145
40.7420157778
22.4242915765
19.1443586508
42.0393431969
29.1519196612
16.6722549232
19.8581779708
15.9304583847
23.3938770067
23.0205892132
30.0971487429
15.7619930812
44.358185381
27.2237168679
20.3308570786
23.5491705671
22.7455395734
21.9731855057
25.3895246217
30.6788615351
20.3110009769
15.1247024256
49.6313720593
30.3690853969
20.4058965711
-4.05023225433
30.4011196743
25.6578433327
24.4124847085
17.8531033224
22.5397151081
16.0012086732
22.446056476
9.8993394466
13.389317376
11.9657889714
24.77958692
16.6260766261
48.773304387
8.28418173076
13.6500651616
24.4619642654
22.3119146739
17.3264837967
23.1270344052
17.1075678429
8.81955590306
21.5110214319
19.7673757874
24.0505496068
25.3585693858
17.6732579668
17.1952849738
25.1513645671
7.06639794003
9.2005972584
-5.81387508143
21.1176006267
19.923984545
28.3808142555
-5.65776017022
10.0298499749
-1.39295214239
26.0597066159
24.0285976432
20.4383494637
19.7764075831
5.31052379277
35.7759887886
1.46993846376
43.0059214744
21.6254903529
26.5076410582
7.58668180783
14.5911939425
21.3128059802
18.1008617161
18.6508774547
0.462288206625
29.3222203194
20.3174705738
23.5952877513
12.7690488538
-0.903134586899
22.9131595536
8.92260064631
-12.6323496127
27.6080133116
22.61993422
22.408263696
23.9528502663
15.1830945295
18.5249459953
18.9077087357
51.3287679518
21.4154348301
-0.171159829065
27.2396357648
10.4624087749
22.7275022092
19.7524774379
18.8491261289
27.8175317739
1.46503655187
9.19155292268
19.0422137291
14.5076750901
9.14473676734
22.9996395374
-1.03969978169
26.584870989
26.6786182667
34.3867249922
20.7868514189
49.7265334094
7.13677657183
7.81702668835
22.3870658462
20.4727602411
24.9484560085
8.46083991487
33.3390938065
24.068597736
22.6347407637
21.345528552
13.696896535
25.0099148299
4.14670643568
31.6615850531
12.6796333744
13.5452588844
19.4313298113
20.594838827
14.7166166646
17.0660713513
14.7960901661
24.8949158215
17.7074796525
45.2281133665
21.9420206453
14.2643427736
19.796343005
-2.82273911043
25.4072016989
15.0597591827
20.4861295214
10.2826517147
13.7664814952
19.796343005
10.4722744176
26.3857614831
45.3993730454
7.71957804686
34.3436070111
24.2096728547
9.65986246368
25.4546941184
19.333400228
20.3174705738
19.4363141369
19.6921908351
15.3723173925
39.3064209409
19.1797835453
22.0601906176
-0.235879049356
21.5241932711
7.16400934926
22.0367911172
21.9599041516
8.39634008806
26.3002381257
30.2850073512
20.615605084
18.4335864617
1.49157343228
19.3903037073
26.8404838801
44.0630735163
30.7471208326
4.47367569267
5.02916476808
19.3012470931
11.7804870131
17.7349484536
21.5202709957
24.6397286904
24.5092803141
22.9429236509
27.463896321
6.70226285347
13.5668760214
8.89188551391
30.7483709652
8.61817300339
46.2447854886
13.0766112085
12.0582464002
25.5088245993
24.6199326959
22.3870658462
22.3870658462
1.01331946032
17.89179642
29.6440904302
17.2596139382
21.4530153535
15.7451541483
40.4953667227
-2.82273911043
9.19964493586
24.4004669568
13.0360983532
21.097420539
26.5486929874
15.9081301581
14.9821151311
33.6449203639
8.30969143147
28.2889889181
19.3691813103
22.433900732
8.13460248106
13.8237776273
20.3174705738
15.2082708975
19.2181387442
8.13460248106
5.05563557276
20.301762887
18.8195861422
45.9237584829
9.0083362255
46.0379268587
18.0553692428
24.9836855054
6.91556092484
47.121100731
19.4045703747
23.1428483711
15.2232125679
24.7032626432
17.9169810119
17.0117330976
27.7737458226
8.85787972665
16.2772087543
14.4142449846
151.567996661
10.6637266768
20.1451961369
57.1269083719
20.9914931433
19.1484131477
20.5536260378
22.6347407637
6.04245012955
7.26501558866
9.98865069856
6.89887098183
0.229070211389
7.22679835668
16.8325180749
24.6036392846
21.1026405198
23.7773898052
30.7538702687
9.94348139232
5.8560789495
2.70690386979
12.469256156
28.9644864633
20.888374176
27.4542107439
9.85320717766
-0.214879141212
17.8848580684
21.7996019544
28.9974665289
17.5231638688
10.8736502677
23.1271971397
8.89188551391
24.7365591021
17.6460919369
1.55598919802
14.048718249
22.3870658462
19.0722411365
12.5822520461
21.9292785138
18.1327193754
17.5693004638
-1.67514221255
24.7315143725
53.9472127974
11.3327273817
37.2353637988
21.4919341102
6.63503322441
8.63384615142
12.2319173746
12.2744045657
19.796343005
21.0318233755
23.5260665321
31.3509944897
21.3092042445
18.4623730278
18.2614196775
14.2690074498
13.6311679341
36.3715514042
23.554132889
25.3149455412
12.5508754038
22.2473905069
27.0580749885
23.0990029354
29.3966875279
26.7119323032
24.397469287
16.5674418135
20.3174705738
26.2924354734
22.4027909361
20.5880027953
19.796343005
36.0769753828
-4.40708851456
22.310970744
33.7888501244
23.08191474
35.9078162819
44.5047019734
22.510255325
12.2530587784
17.0907304118
33.6856686582
21.1852215819
12.095252306
31.3512546425
8.47904643282
2.36694066573
21.1935790073
21.2632031184
14.61892239
18.9944073222
23.5269650337
18.79241634
-2.34594592432
28.7203536846
9.94338567418
19.1040931071
34.1149715178
20.3841248325
21.5624391483
31.6641793312
25.6578433327
10.5266445606
23.0137811987
60.0381572355
13.6171283641
20.1874928004
17.0272547786
32.2859840128
26.7749809944
15.8229472133
32.4801452736
35.3040623039
8.13460248106
18.9858688984
0.732898173266
13.8454302746
23.5712084852
17.8169395414
12.1472075625
18.5584485339
34.8755186531
17.1232489807
20.4615498388
22.3119146739
10.1448156788
90.3649569526
25.3272117803
7.58332287185
17.0923173317
0.248690946317
15.0315058273
19.713506735
21.2172827333
26.362423718
40.1992126119
15.6650711129
14.0575194361
15.4167379912
18.8927649908
18.1434000694
16.7524300743
37.609375168
20.8772673994
12.7772699297
52.0049088521
21.7674888108
34.1396057562
14.9624900598
12.8909684238
18.6025130708
13.3857484792
22.6347407637
-0.342608249652
40.4953667227
6.444711709
7.90897814514
10.2201365671
17.497141175
9.94338567418
8.89188551391
29.8407514682
25.8812040479
-0.370978967716
19.9433791521
9.2171344083
3.67238762379
38.0408600173
9.10962091539
-5.56749553512
12.4347275126
22.8959428774
3.8864518056
35.7255209677
-0.142144738533
22.1617069086
19.5705670339
46.3934092455
20.4445723804
15.5405633887
31.2680233566
17.7981940111
9.457159973
28.0111509557
19.0732552287
4.84062737505
12.1078729826
6.74640821129
16.5674418135
19.8164553044
11.2820288152
8.89188551391
19.7334027471
13.4671637037
24.8656665616
8.62059640499
18.5296647691
6.88815136692
18.2590020694
11.2804379092
5.01138586662
29.7813435201
16.9155367105
20.44179101
25.6873378279
26.7837419711
25.1542313849
23.0642555199
7.84230578772
12.5156289736
32.8027024155
16.7475479481
26.3906980004
31.7221115743
6.65383748604
14.4042111852
0.81778226778
19.7573199989
17.5165298306
13.4186419918
1353.28314342
21.9977652439
8.18660652874
9.69644615833
22.0734631474
9.44916685141
9.43709567989
3.97125667238
18.0519036237
14.2734282806
23.307927352
12.4347275126
-2.16663990211
23.8364061006
19.1878943578
7.69329234354
6.91574014494
16.1668118994
18.2406000583
0.470099987339
22.6347407637
-27.8116079418
31.3820441968
22.9865056531
15.9460365983
18.655845238
13.8209422067
8.89188551391
10.2742107848
22.5294168439
9.19319613526
22.16913771
21.6861459418
26.9470245188
15.3211292848
23.5269650337
44.6652614447
19.1460259573
30.5986130794
18.0071134856
23.6262440258
10.6561012099
13.7840950128
22.6480762449
0.0780827022919
9.0083362255
22.6347407637
29.8965954451
23.8474736926
22.5548655951
22.6347407637
33.8237305905
9.40850219226
5.6363938747
5.6363938747
24.950068329
15.7194663591
21.4946563981
25.0021450234
21.7501143245
66.1068146911
21.7072516211
17.7702312856
19.5245246155
18.4062131898
17.3130594225
0.88408035863
17.5231638688
37.8664036489
12.6714930459
15.9287413762
22.6262014444
22.6262014444
10.9687384785
-0.0243848595814
17.7513204602
21.9095105786
26.0429176113
19.1972900351
7.5505323754
7.91061395476
18.5275143185
7.16400934926
22.6347407637
14.5015126156
26.2665878976
16.9001922266
7.30482889267
-1.22874416711
22.5240561369
17.4675770153
11.3375912695
33.1553455333
16.6027339169
15.7194663591
22.207579069
13.5667510477
10.626448615
23.2728129374
20.3899718974
11.6818280936
22.4036011554
20.0824829027
-2.0854211269
4.97993283899
18.4035257696
-1.92580343528
23.6382609257
27.1993521205
21.5479772364
6.24813361203
22.393473068
29.9307212015
11.2774717343
25.5732099439
35.3417424876
18.2411072704
10.102614186
14.2734282806
18.0530118093
6.64629391628
18.5059065717
17.6107780703
18.6516987813
19.9118474339
26.3087468172
20.3982995781
20.0295339886
14.6140383716
47.5994740541
23.3334663044
5.47070136557
22.0330942215
19.7241375291
11.3900741002
23.094604895
31.9518077976
5.64089903987
2.93907107365
19.8002688981
30.6033352949
12.3220334576
10.1776270288
18.2505099841
16.8575061219
10.9540556139
19.4248706254
21.055309721
15.2482834348
45.7035794245
26.2465742676
52.4592535127
7.91993371909
19.495106779
31.2747548647
14.6622159695
15.5016032116
21.2366650813
24.998271944
28.9224847016
20.3174705738
13.5260859286
5.33413211737
13.1105130297
27.5975838378
46.2298268722
9.42968684757
4.0697179633
11.9258057768
32.3103092856
27.2035912049
9.59073097343
4.0288314906
-3.24308753557
3.6834618419
25.5088245993
14.2953469456
21.7548879555
-4.52775471751
12.3230637089
27.5467098837
26.7624192635
23.427028317
20.7199520963
22.1159671525
38.9366367466
24.0979743239
27.8504260369
22.5690918357
18.6663090894
6.10313201031
44.9123046461
10.9036905007
35.7034777546
25.1443790091
7.88185279254
18.8798096058
42.8491218261
7.34413389527
16.5732194005
8.56827039955
16.7889771805
5.25044257269
21.8392002588
7.22180542859
46.7364629367
29.246278031
17.8741178524
47.7627279707
24.239342872
13.3501975703
17.1347115849
23.8650620244
20.6936450063
29.793169061
11.1782709821
13.0897092704
14.6140383716
41.0145707201
19.7764075831
0.826872329202
20.3073383986
4.00122152697
5.22773344356
33.2580092107
5.52539288257
31.7636859752
18.704920374
22.6737440442
22.3612283703
21.2945175832
18.4913338115
16.2814707658
19.9176533029
17.8160284705
18.704920374
18.704920374
8.89188551391
21.1917661697
22.6347407637
26.1348032898
3.06138867356
21.885484175
19.3410990382
16.6496686865
15.3148386094
29.8592276033
28.1726385099
12.8194967613
6.59200920151
14.2734282806
17.2710035612
16.4633537873
19.5663874831
21.1487618712
26.7119323032
40.3296363436
18.8458805892
7.17924930346
34.2203905676
14.3619403727
23.6600271633
32.0691123728
25.0042259908
15.3849450796
27.7262377448
16.8028050724
14.2734282806
24.015875457
18.5907620229
13.4648774678
27.5323792552
20.5770845982
20.4168880375
18.9521027081
19.9111977038
28.1091114477
31.6325591702
8.20069103096
21.4017728518
21.9137049024
23.0956305199
21.3372098854
8.95655732734
40.9724971005
37.4802986353
44.0383112461
19.9410591558
23.4750224791
19.0814358475
31.4215575535
14.590495865
26.1951549864
19.3781069623
33.0471229525
14.2734282806
21.4216826484
28.1669078502
31.432704655
-5.08977222363
22.3307520648
16.9414878683
6.0373113516
18.1867735475
21.7974685049
21.6173022688
20.2542255332
19.3866069313
16.5404128152
18.3634664909
18.8458805892
3.69945312861
32.9053711454
19.7411555274
5.86567363237
23.6478371433
22.5588021969
-3.93033461947
18.213627228
14.8341493932
22.6347407637
16.5513819086
18.704920374
17.6652682989
17.7353802359
16.7260792922
-2.20279163882
22.9121422831
32.6732173484
14.4910291203
9.04220670349
19.1371677301
22.6347407637
15.5220107096
10.1633037014
29.0980971778
-2.0639357032
16.8575061219
21.8058526841
7.52142557201
26.0410557876
46.4612645437
20.2125628084
-1.17930128557
19.1269171621
25.1328856964
18.0177022608
10.6276149069
13.4699894941
10.216475051
41.9934010014
21.1469304877
8.15576503231
12.027665063
12.7102105472
7.54958699013
14.0937907686
34.3417426468
13.4066423125
8.8749062965
21.4296221157
10.271328817
36.2123580116
8.48330708866
21.4545603759
17.0450081022
66.4676535471
18.4536988512
18.5493114193
44.399987633
14.0142874667
31.9214169976
21.2841786933
19.0814358475
23.8817745817
23.7984258309
26.5010286024
18.4172317057
39.4317853793
10.9320368304
26.9506107028
8.6774812976
27.9513421052
23.3492753799
18.273839527
23.9551611475
13.7643940307
13.2792667728
16.8008566167
22.9639498784
11.2642272576
21.0700336851
15.3730497298
9.59601388592
19.266511221
22.4544627384
19.4285786704
18.7411154404
21.5348799218
25.4773257553
10.8919608597
19.0010753388
17.5049249369
6.52443792802
10.1245169519
20.5652034903
21.3922750701
9.05711920594
22.1783348628
31.1774055318
13.320323589
22.9707427522
18.704920374
81.2535193137
16.6651596119
27.8421820376
23.5756896108
198.944738006
28.6509953636
24.0962862438
18.704920374
30.7483709652
6.21864899037
65.9931609362
26.6279243265
24.5946637421
45.5765048612
7.94988374141
-5.79973859297
18.639271446
70.0070660127
10.9097536888
72.0209355383
23.3216349857
23.8026091002
25.3649104836
7.7051724989
21.7399665142
8.80778906938
0.871999185513
28.1058411054
10.2775987781
33.8699899258
50.0281400807
14.3517162706
19.796343005
19.2566007557
24.2575554715
29.3571117931
72.3772526689
19.8217600392
19.4257913522
14.7043720784
19.3144942761
23.7986729342
25.314997278
23.9312995901
12.0660413509
23.6056469426
10.0840907029
13.4648774678
68.0580027591
35.3491040795
19.2775117725
18.145027
11.081972293
39.186078249
-0.788553648396
17.3141162405
66.6317214257
-2.1187791992
21.4546809061
35.5611415998
8.89188551391
-0.614061065123
0.715177230579
4.92229004877
24.7718821773
20.7384663306
404.312826088
17.0219735678
8.43441969318
68.3556112812
6.55833608137
6.52443792802
70.9226854717
12.6000641074
20.4286083096
10.0765711054
45.4381978574
-3.90067350263
69.6232897976
18.3839992606
30.7066277401
18.585147088
17.6275257416
22.0321983125
15.9076734886
19.0081498041
14.3692316445
17.3934311521
42.1710774323
22.6347407637
16.2779353563
8.22521350485
-1.20073912769
30.7483709652
32.6276943642
20.0339499074
18.2250994096
36.1245273886
19.7764075831
20.1297862488
19.2680949531
12.6960539015
26.931796222
-1.8305025194
22.6415877904
70.6131014733
21.7109274244
21.4736815714
24.5028900433
-8.765838252
18.7627566151
16.9801912718
22.6347407637
8.20011710073
68.853143106
14.0257449945
69.1278767784
32.8470926768
29.2529969583
21.1814309136
71.6640523236
14.5077845381
71.5215777251
22.2020162277
18.828809144
69.4662303274
18.6342352606
15.5902782846
22.5956006077
16.8575061219
-4.27333984346
26.1278977797
70.3324791347
22.9535271336
21.8345919447
31.3841498903
24.8603041505
21.7406206561
22.8979552803
9.53865265411
44.9620609848
22.2514322959
22.3928842855
36.0562207562
14.3196417937
30.7483709652
18.6405541761
22.5390757502
18.9396814839
64.4233664802
75.3112320075
16.0449156899
23.293818377
5.32744542078
19.3534775778
12.2319173746
18.6435928639
21.6054772396
20.3136271481
68.5125327228
-2.5397690467
8.45776213928
22.6810017541
343.282932391
17.9280214903
10.6181690815
21.5262368942
32.8507598476
32.374529124
9.62033247059
74.3671141319
32.7443878485
72.9939426736
-5.58499265931
22.5463030527
2.15368707116
72.4336110581
14.9436971205
35.8389956331
30.3875386169
30.2260489699
28.1144206598
6.89269158649
8.13460248106
3.05806140121
18.145027
22.6347407637
11.7907395693
27.119468553
23.6142216912
8.49387747502
30.7483709652
11.0219969094
16.1865445919
39.9503118794
20.3174705738
31.574936193
28.720457202
14.2734282806
6.08659236034
30.9627791034
26.1808144393
1.60922959687
24.0505496068
8.89188551391
6.52443792802
28.3060044751
31.4099130046
-9.78356674421
34.2494388764
8.14401031196
24.0771257313
32.4374183802
19.6477226035
45.1695761015
35.7334591015
11.4426368587
10.4143884175
15.0846868619
32.0390981711
30.9601979062
19.0209641972
4.00315928878
-6.90356739653
4.86653241718
11.7847453083
21.3415863146
39.8379438222
16.7101058662
36.0483929968
30.469070204
31.4503468188
8.82442751039
36.4617136927
31.5245736606
12.9171181627
45.416877678
11.1526304545
28.634320158
19.7839726728
36.6338960603
22.6347407637
3.02069170974
7.11008384777
18.955739652
30.9627791034
20.3174705738
24.158836345
43.2306131955
46.9999576504
27.6503290197
8.13460248106
11.5093645626
11.7834207876
30.7377986583
15.7859345928
20.1931370536
18.704920374
14.2734282806
7.44588574841
19.7764075831
12.2252066052
25.4443791662
29.6039932803
43.6052894241
31.4719072927
11.095280511
33.9889696357
1.62006737586
23.6871045683
21.6328166311
21.6218109808
-1.03969978169
1.08219985395
28.882727901
6.48378501422
1.48865784714
36.3951043735
15.1119872684
38.9177905981
12.3977456085
21.0188607615
31.6836660519
30.3875386169
-0.786222727642
17.2460665682
28.2576864887
12.9200679355
33.5945123364
13.9587861717
35.5460349794
18.5847322306
19.6286665695
20.3174705738
8.01687041004
10.425170217
11.7446361787
16.5596274003
-0.420826106696
8.13460248106
25.1295602531
13.4126622241
29.2408793498
30.1075187525
21.2957923912
21.1421303179
20.688464687
32.2433495596
26.7509447265
73.991848718
20.3034133765
29.3405877849
70.0070660127
31.6583028465
-0.837558529755
18.0965993002
20.0638534361
32.2606384002
35.3501846777
17.2051781467
20.2354194218
25.8022648249
24.663235634
20.3174705738
23.0560290854
12.1282095823
22.1349836498
46.9702064863
21.0188607615
33.8054466386
11.1371425
14.9088664399
30.5870256423
71.1310874868
8.89188551391
29.8665966838
22.3119146739
9.0083362255
27.6455028641
16.0263292824
9.07450181376
22.3357133177
33.4789988573
4.01086046289
19.8057045251
12.5910487229
19.9715963789
36.4860586865
17.3778043584
14.0316306087
16.1115978149
26.6290104373
20.4927239478
22.3645293055
10.4143884175
19.2848003337
4.51801883003
13.9484849122
14.7978780195
8.52822596239
26.6622727279
25.0161672536
22.8396440014
11.2964174319
16.4209733914
14.6148328716
18.704920374
31.087717863
13.3294698272
8.03935541202
15.9477758049
20.9396166641
31.0592923903
30.9693606118
20.5378815382
19.1055473959
25.8591016178
7.61946428504
8.02469555452
35.4461316404
19.8057045251
15.9516338671
25.8013973027
22.8383066782
17.480074843
71.295697609
5.64572893867
16.0282345336
8.59114633659
20.1451371262
15.5570240998
8.58335651978
21.6236838507
32.6958029862
24.6478986907
16.8551260273
17.4469012616
13.7549154604
8206.33070383
22.3313980861
22.3586676209
32.8027024155
21.3060454556
18.115589349
16.3658055749
9.29503360452
2.06013440147
21.9056457625
18.1318717782
27.0931430041
24.585843577
12.9893494317
20.1869070255
28.4841063457
34.8977531342
20.0793014857
8.19931972843
16.4801357837
20.7682551535
35.1405846266
15.4734721965
19.492786792
29.553711405
8.20069103096
19.247331469
17.2314035819
14.7565043563
36.6430048553
14.6622159695
31.167730572
16.6721152603
24.0426040377
14.2734282806
19.9838618641
45.6361262126
23.2260882862
15.8542591463
54.2207322586
44.6600931507
8.86980106482
14.8826650611
23.4253375512
39.4117987561
35.8759104561
13.7337706817
19.0081503944
21.892867874
8.93400952651
21.9072304634
14.7103865194
7.54910946393
19.0490695463
40.6693721652
20.0714096455
17.5771950826
7.62729057715
-4.52127280337
7.5217584132
6.13150968379
20.5238898603
8.13460248106
11.1874855088
33.2810863272
7.41604409396
9.86731850575
19.1344353908
16.1613435202
20.9299125741
19.150156869
10.4170291037
14.5254467157
39.0370910118
14.4910537145
25.765089359
22.2942012291
70.0070660127
18.1104222286
25.0030546098
27.5719778269
10.0548266356
10.5211541392
23.9676191377
20.6335219815
-2.17798044167
-11.1291308085
15.7712309037
15.920125113
20.4059173247
43.8291667098
7.93021053467
32.1819235045
19.8057045251
21.2426143831
8.71351435486
45.6361262126
17.1464278048
9.42890829009
8.8358078979
7.21742347567
34.0712089163
18.2262195347
27.6455028641
35.0793937417
20.5536260378
22.2754841258
24.4796432061
34.6571839465
11.0376525914
13.5623013494
20.8616902579
63.7902422314
24.3314953657
25.5966247723
22.6262014444
22.6262014444
1.68466195025
7.02689122349
32.1125357292
17.5892946597
29.013019755
27.6039163244
21.0188607615
73.5475263936
17.2521160093
10.0852044209
22.6665524526
12.924026663
31.1502827569
22.3871539715
35.1405846266
12.871230587
20.6723012066
17.0554320881
26.1357800508
-3.11042566891
13.4489442253
2.74455972788
30.7784585773
17.0554320881
-3.73116758704
14.8519748695
26.4724397981
14.2315082796
20.6644079802
28.944685656
0.617286529172
7.48022241608
16.6778314589
14.4012778982
21.3688138524
36.7222928032
17.318768958
16.2321859384
18.5646610473
19.2588462147
104.42600412
20.1680125047
15.2325711424
35.5657168931
23.7869109383
19.1218425008
29.3073290371
10.7978755632
23.155626915
31.2553417298
20.968651127
15.2325711424
18.704920374
30.3875386169
54.3667706573
17.1312906446
-1.03969978169
23.6208105473
20.4927239478
24.0180484269
28.2987679311
22.8321521383
15.6456843305
45.6004689135
21.0063736684
21.042828792
12.126702778
22.6347407637
17.0724070243
70.2351561545
58.2531818136
29.16136281
21.5754616902
6.53616104446
24.5004841654
22.1175323914
10.6442407265
8.06077873446
18.4939701085
21.4024258537
31.3992976377
16.2931852129
72.7899950785
60.8080207376
15.5599933304
16.3342616925
10.0448542738
20.0798073052
21.2145586194
35.9728007497
9.51718085715
7.59619040342
19.2455515054
8.13460248106
18.704920374
18.8822832472
43.2050761772
43.0264856713
15.874039844
19.1688752838
23.7235937922
2.0667950768
23.2190512393
12.9585398192
47.7409725765
30.9627791034
18.497652567
41.0428984723
31.7603822317
20.6460133751
23.335237269
9.28773009308
17.6032625633
33.8990398206
8.63645897723
27.4215675811
15.874039844
32.9637270858
8.13460248106
21.3464542123
12.3607430587
17.5231638688
18.704920374
18.704920374
27.6247586878
7.12203757896
19.4119283541
0.447459821741
24.8273683811
18.7568065458
32.136428796
21.1603933939
17.8250153545
14.431081658
24.0669313005
32.3686741408
31.6417419756
30.6551434759
17.0542739156
16.3342616925
19.6489671134
32.9673929609
21.0669858952
32.8006534771
10.6512234814
24.1987553935
12.1944670074
22.7180011546
25.0902906226
20.2589016993
6.65752182608
22.3144153822
21.8685426704
11.2360359877
21.6535849413
33.6738112099
12.9171181627
33.4724173488
20.0751075707
22.6262014444
29.4551558242
31.7200621362
21.2123647924
32.0585531171
21.7789773219
32.9673929609
34.1381278159
19.0970842471
20.2914902015
14.6607526567
15.7874676123
2.9475765223
14.5041385723
32.8535171496
6.7238386415
8.95660276128
18.880173748
30.3484496316
10.9100463672
7.05528323889
37.6908611992
33.8391501055
145.657211092
9.81880641334
25.3816832539
21.8691075485
13.1552918284
7.69466714405
19.7839726728
11.5313135162
22.4589114344
25.9902380163
20.3500627159
26.5569466591
38.6634731641
34.79160483
19.1125886377
19.9551341914
15.1093257434
48.4982556094
-2.4998473294
48.9067136489
18.300737627
31.1291323656
23.155626915
21.1462961258
20.264630826
17.1878904972
21.1538849297
7.60638944282
24.9154088268
21.3759612877
301.112484933
18.6149150984
15.0240062671
23.3297511904
17.9828547016
29.6954809213
7.11376709791
6.58846313762
19.492786792
-3.11042566891
15.8070744873
19.7193499256
18.704920374
26.649740755
17.0287963687
26.649740755
3.55468265962
22.3153427705
15.0593937827
35.5400338146
24.314320854
61.1917960285
52.5581393036
22.6347407637
19.6529538338
30.3875386169
20.82367646
15.604022404
10.8977770005
19.7839726728
24.8135424104
15.874039844
22.4229024056
3.40452884718
15.5448950911
43.2306131955
37.4641436284
32.7443878485
30.2793467191
10.3217377194
31.7860563288
17.8027474376
7.97385563379
18.704920374
0.0734039042077
18.9732443501
15.4383499837
12.5328951642
2.77759391393
19.8006122146
13.6547970033
12.9976452843
28.464735755
70.0503942538
71.7291240478
19.809624359
30.2591743638
32.1246541434
24.213035936
16.2949885174
22.6347407637
48.2816913546
32.6321271154
17.2681096558
10.7955278831
14.0316306087
38.0892699747
22.0977659093
19.2222149256
18.70756262
19.7852759591
20.5817552409
18.5141320961
614.018704171
17.0065870195
22.6180947438
40.4594184361
15.920588951
16.6273522012
19.8232942551
53.2158516999
49.0497490381
21.9278444753
19.7839726728
19.4116077436
29.8542383724
37.7835356814
10.3264130016
34.7823371715
21.7620107546
49.4210215488
10.4853750833
20.8537806557
5.9490196419
16.1613435202
20.4340974774
26.4116194826
22.3471499899
19.0813495245
24.1206056659
19.9945490668
7.07256820764
19.0873730138
20.4092213219
28.1173725092
0.617286529172
12.0456270474
-0.0243848595814
30.5746944582
28.3616245771
19.7852759591
21.5367297498
30.7949192217
7.37024259917
-4.08226145732
29.8222066921
30.2985088508
8.13460248106
22.8642704642
10.3217377194
37.7853658311
54.4672822502
26.1149870734
3.59986019802
26.0547027176
31.7200621362
21.2529573738
12.0797800763
29.6957305956
20.7724971455
14.2263933884
16.3291166029
10.0058371471
32.4987985122
10.5530677349
16.7408087086
4.90934504239
8.13460248106
21.0707133922
10.3631525693
11.8993356701
20.5536260378
10.4804693107
21.80706309
40.8066852874
30.2550290746
8.8746381246
18.704920374
22.9632056176
42.5604002208
9.93888237454
20.3174705738
37.6791429831
20.6124783176
17.7074796525
9.65866817691
19.0880127045
28.4430159118
34.8826141251
20.5213058192
28.0535643103
10.9036905007
14.2734282806
20.2615566025
-1.03969978169
33.3899335764
11.5276997356
14.8401920313
70.7323476596
19.3618284157
22.2188114164
15.9804405954
23.9846746762
2.50523155141
19.2294311799
9.86731850575
5.7560167956
18.7248810564
24.1184007014
26.7242538928
30.3452671411
26.0713258685
32.9405320787
-0.763780593526
17.7839284638
28.5820482854
29.4447641351
31.406562384
-3.68489076492
14.8401920313
18.145027
19.7199949859
12.8465511074
17.7462382595
21.2364667497
18.0307982301
19.8682403543
14.2734282806
40.5329878726
20.2589016993
1.21390075951
15.9804405954
22.1996764498
13.1105130297
19.4464469346
22.9685224287
29.2411650567
28.0792069496
4.2044011061
17.2861867304
18.4277967415
27.812228095
15.9804405954
14.0980982034
5.58165750551
-2.04858972324
32.0557058947
8.97332299871
22.7115843484
4.66449143119
29.3073290371
34.0904763977
16.1537617827
29.6888998007
31.4136943151
1.31542604221
4.91272120595
23.7237175313
26.715024421
14.5745705032
22.5999438957
4.1202419203
14.8401920313
30.1882589148
20.4958481401
21.3302201774
14.7226653813
10.9119317082
31.6160610257
22.8802758974
25.2843186374
27.7499687856
20.9419465956
17.7026366006
74.4338733155
2.89448774053
31.7200621362
6.43109514823
15.9804405954
18.8704311556
13.7061441431
26.7519631343
13.6975881172
15.2415180827
17.7746031855
23.7634527526
4.84062737505
8.89188551391
18.5267394763
22.6347407637
27.621966429
15.0975403525
30.7949192217
21.4480978769
-5.83812460721
0.383750053284
10.4170291037
22.892569645
44.4212185074
12.1016225704
28.52184179
26.6326099855
6.28429593212
16.8357152566
16.759466647
0.687938586042
47.4599663131
30.7977187625
20.0986859886
17.1286605376
-19.5668217759
13.0438658585
22.2533554721
15.7978737293
17.3468613002
24.8724015315
15.6878193544
47.4599663131
20.3174705738
19.1371677301
17.5522017333
7.9372145921
50.6047285198
27.3052108413
18.423879412
24.2320413898
21.0683960465
8.13460248106
27.6760081552
5.7560167956
5.7560167956
20.1501361528
13.8398932499
11.8683993116
5.50388877033
29.3073290371
8.41028591736
-10.4534604153
35.8988144348
-25.8716984057
-2.8060661219
20.5455678465
27.7638306482
15.3759538304
10.7069768455
19.5594826366
14.1467087436
13.0224283985
19.2739762897
25.3805975609
24.2264625126
30.5476940501
30.3049513234
39.5351317985
21.7567974259
18.5002566615
3.81270381488
19.4936949475
31.4039562404
19.7952988206
29.5664621326
14.9496626273
12.2013659383
13.6326574585
19.9944798606
16.1528213846
22.997772208
23.308112928
9.34733540998
47.5960495584
8.89073747686
2.44668828456
23.5254622425
4.73245169793
8.75387890392
8.45865788735
22.3153427705
13.0732448765
12.8906682969
25.7040399557
18.2222253669
3.9496118117
10.5463342718
23.6565607155
60.923557945
18.704920374
8.81749846812
29.7856077534
21.4111047503
21.9508787394
10.3016433579
17.3198806083
12.126702778
18.1358981945
19.1944611327
13.0354272452
18.1434000694
13.3066073639
53.3483654856
22.6347407637
38.2768537319
12.1242355647
17.309698114
25.4429909838
8.09084287808
31.8268356531
19.5823294388
-0.0243848595814
5.45606246282
20.3062894858
22.207579069
17.5631584508
22.6347407637
35.0793937417
25.6761765825
13.36396123
27.1543693897
5.54045485679
10.2708527224
11.3927537019
17.5387201001
23.471588659
17.8435206487
17.6503337693
9.83111945197
13.9022881606
23.3791272647
29.9219795051
8.56567192278
31.1817066037
19.6360608004
21.1793787384
20.9272475554
11.3927537019
33.5080665621
17.6274544157
21.1353296409
18.0019150767
14.8401920313
18.636396312
32.570177147
31.406562384
22.0342146597
-4.73543897207
24.7752957491
5.7560167956
19.248000195
19.1214088175
18.9566738042
-4.73543897207
33.0835640652
54.451765713
12.924026663
18.3894393193
13.3209945171
10.9463348249
20.2247567982
23.9997726568
27.1438874694
8.96789081597
22.5856747484
15.5974750641
17.8748798312
45.6361262126
16.0190679434
20.8968231692
3.9496118117
17.2482884441
6.78437020152
10.544902801
12.1406111366
13.4807295104
14.8471287554
43.9723533235
18.2473770847
19.4173975823
10.5312182564
12.1863077441
17.9208968397
48.672699242
16.6356050841
57.3816814011
0.259541211401
26.3220105927
-0.936288676654
16.892108175
45.7758365382
41.3145318255
-1.48397721836
7.95550144415
6.47919246851
25.5087328271
14.9897597558
25.1665517072
29.2304210983
18.4900788409
-2.68154409752
25.1443790091
15.5974750641
15.8538857228
18.8860763626
30.7949192217
16.3775584539
19.7764075831
41.2324539206
40.623924044
21.1927277154
14.3019959155
10.6561012099
11.5417875344
20.9879284078
26.1894134185
-2.09342058591
24.9984819062
17.5554040652
24.8529815957
12.1534601202
18.3948389104
18.5049932999
8.13460248106
10.5883434337
27.456163291
50.0281400807
26.3581028954
19.501585647
21.0616052747
25.3212876942
15.84410973
32.9788959481
21.5090559767
31.8764232934
11.9277923234
24.3215257967
25.3993839928
14.8738106078
23.6526536918
11.4538047694
32.8262583586
24.239342872
11.3927537019
22.0707448438
17.6003853299
10.6667339747
18.2333719981
15.2494809614
23.1101207482
8.19931972843
20.4340974774
6.51432030214
26.5545018868
30.7483709652
16.9206211242
25.766967153
14.8401920313
26.5306722929
9.73631619233
12.586770077
14.8738106078
31.7930180803
29.4997539996
10.2150592393
28.3410824263
15.8277282934
41.0952192011
29.3786503553
38.7944231281
5.7560167956
45.9611156323
19.8336662761
31.0910037237
25.819367045
28.1918918396
21.1755690862
34.8758891189
26.1609191015
21.1948769781
99.4864366962
22.3435877821
21.1137320899
24.239342872
13.5298314049
8.74483310015
21.1755690862
22.2710741901
19.033104734
9.33786955178
34.0738659982
17.9989012161
25.9841750084
32.5150225374
26.1903653422
9.502116133
26.5601878522
25.3848063762
3.29037773155
39.508898134
18.7113855228
17.3719397616
93.5236528318
11.7502353536
33.1289077698
21.7862730351
20.0401077993
-3.11042566891
32.0303138395
19.8678056739
21.1759291174
22.9819950393
22.6347407637
10.5759241107
71.1680109149
16.9091564205
9.36900417171
7.49159591865
14.4850940791
15.0795779282
24.9966259048
23.4857053746
20.3062894858
6.23643604514
18.8792750185
6.52443792802
11.5509790125
21.4635737835
22.3833446003
18.1235336244
47.0831414249
31.9625137757
16.9683594057
15.9297166162
22.5008373703
37.6711535927
30.7483709652
20.7372602922
-2.81331720771
40.4953667227
15.1053253268
51.3013452843
24.0189837117
10.8543229846
6.12725025873
7.28198729166
21.8103744218
25.4886347996
18.0058439615
25.9212704794
15.56874329
16.1324453851
30.4827494372
24.9100655892
9.42451734293
21.0669858952
20.7708240812
11.8639017663
22.5008373703
15.9804405954
-0.699678167319
15.7322330318
39.2459283584
32.3266999478
21.3380239554
12.871229948
23.0524892389
46.2437051683
17.3534276187
24.4158729571
18.1122324131
19.1207804901
17.3502868523
22.4277392831
26.485616363
31.6527128716
19.8675893235
10.5809327118
-3.4764172251
22.2865330804
19.1744947173
25.9765195794
20.3429053307
7.60638944282
24.5265372342
32.8623617331
21.212317902
64.1025548399
15.5974750641
20.1673610079
22.4298983772
2.72264254832
17.4317102656
23.9459311565
29.5170791643
36.5143795311
29.7101673126
20.0495216411
16.4900271724
15.0401887583
28.5245683777
31.6509937944
32.5612131361
20.2117407989
24.8410363316
-0.652699616101
2394.50718698
11.0088351523
30.7449434636
2.38251136766
33.4963626547
22.1307092129
7.78723685842
22.1538349523
0.103493081882
30.0846262034
10.8543229846
23.0026545971
26.1882684041
19.4790904717
9.34923222115
17.7986025285
5.42409091486
18.6982760673
17.2145805865
12.1239592003
24.8170784598
44.4140561719
3.70772196411
34.570371974
22.3874329087
8.1521712771
23.0383016111
11.5264393265
29.7104062125
27.4504137311
21.3538957581
20.3062894858
36.2123580116
19.4794555948
29.6311273617
31.6592819228
25.6544999435
12.2718324997
19.4790904717
68.9916223119
37.3111832293
20.2702391205
17.8544281747
2.83774337603
25.1948947615
20.4970027567
30.0400854511
15.865774957
11.7719853879
12.6423070466
29.3124544833
19.4612588719
34.0852798057
5.22729946738
39.1662048321
28.8629064289
10.8543229846
21.9392926967
20.7602522482
9.69639952547
19.8902882148
12.4454798598
23.7855550283
26.2404555335
17.9989012161
17.566599682
24.9025050113
34.5935033056
22.3266155564
-0.283559524447
43.1233355447
28.5163964701
12.0566922062
22.8019138015
17.1695668582
23.3453596286
32.3086206246
24.8949158215
15.1318571583
31.6509937944
28.7872443092
21.7048463958
19.9227400349
5.20282689925
24.129750328
27.3725576676
17.853997659
25.4213444155
14.9962991892
8.68522283108
19.8561005327
104.059563192
20.5064374949
-2.18517350506
-2.41721025491
21.8491999095
22.6347407637
23.0417469215
16.9001922266
10.1532167364
18.8910996184
31.6674061351
18.6655032923
34.4423062643
24.85871618
35.1159844778
20.5536260378
27.2368167317
27.6734441119
35.0110439795
35.0986287346
17.3198397952
12.3617404516
36.9625022318
14.7713204062
31.6509937944
31.7604373905
23.6109747178
10.5544943959
27.8589317364
6.33668786148
24.6182859162
23.6577576352
19.1923912966
21.1087206919
8.43328251976
53.9900792445
21.2811000884
17.195639489
32.482851467
21.567447415
30.833383995
22.563886702
14.7811115491
14.0345418224
21.010667088
17.0251244168
24.0847929087
26.1497195859
24.0769729152
20.268412042
19.2736463106
15.5974750641
34.4155965974
23.2868962132
14.8401920313
31.098424831
30.2155078557
28.064678955
26.5031469347
19.4310750223
25.9496316802
6.89435553579
21.8566100376
24.4954145193
26.7280170524
15.3689598078
11.9686885276
6.96371354693
20.0680967271
6.46260404166
19.6253930851
24.6662512855
24.6493582596
27.531341693
16.5134208528
32.1151806133
12.5910487229
8.87444529004
11.2450458948
21.4030510239
21.8766683394
3.98506726433
11.4092907874
21.993402543
37.6108478365
14.3109198703
32.5422802779
15.0796264085
26.5566693181
35.5001585746
6.74894354038
4.09178430244
23.7855550283
30.2532895811
40.871666486
17.2250325095
17.2680846337
30.3633039386
23.5877949977
21.3812881957
25.1443790091
22.4272125805
25.3320197016
33.7106744001
21.0058970629
31.324583653
47.7791197728
21.5059684011
22.7248792191
30.9236243392
25.3805353852
10.8983159237
13.5846989229
26.3642909385
26.5731742935
19.7965315401
16.7511250787
28.6755404079
25.7474752547
19.4970083761
14.1893833846
61.5359521197
19.8807141981
31.2747548647
0.565006069818
22.8019138015
26.5731742935
35.3426454062
17.3664181423
16.5674418135
19.6479338367
24.8298844722
10.2150592393
22.1823284322
2.25318894144
13.7083972628
9.76408508042
21.3473500384
18.6185657744
27.5436216994
8.15337347179
20.4282135888
5.1515995096
24.6493582596
23.7338774562
8.38094016714
13.7549154604
-1.97692747825
24.4427179293
20.8224781634
19.3615049242
22.9023294329
28.02528836
25.2700898801
8.12803075141
21.1045106395
13.0920180602
23.30395288
-3.99774387208
-3.99774387208
23.4847047282
-5.41241935745
10.0622774599
16.5768335129
27.1651802593
19.8549087079
23.3560741403
28.3996275908
48.2804573037
28.1135674713
22.9609882243
20.4322472196
24.3716688271
22.6697375314
16.3062019088
24.9606441578
28.7337472538
21.8792185373
40.4953667227
24.3759024965
18.3814895846
23.2868962132
11.6937513431
11.0706338065
24.6493582596
22.9094212134
20.2008637563
16.1613435202
18.9566738042
13.4143645378
23.5284997011
8.21240449087
25.8907815574
14.3701514075
-2.20935822213
13.1477470893
23.9489090362
37.1084110846
12.9939633485
22.2104123729
23.9172185769
27.8359643892
26.2595339037
19.2481654237
25.2592541806
7.22961783895
6.36011641584
15.874039844
-9.95572130575
18.4355418573
14.8401920313
8.67033623006
12.2887397331
8.20058602105
13.2417505947
21.0311344973
-2.8622104669
5.07023986909
24.2317218804
20.450147971
44.1335690705
20.0680967271
12.6309963273
16.8123747065
43.424746208
18.5263353485
18.4106367936
19.796343005
23.2093858961
5.12583035522
42.659231327
7.47713763258
22.1456990458
19.8057045251
22.4294070572
32.520456261
25.4660032914
25.8769706625
22.844256976
14.0021549372
6.96371354693
22.0030705332
5.66363191591
22.6347407637
21.2771431401
15.8613560638
34.0468252611
13.9634543117
8.89188551391
32.4022201071
19.6360608004
17.5577088101
14.3375061826
17.910946871
42.0153210963
21.8154167226
20.1627859785
26.5731742935
19.2237172494
19.7734513406
16.3525321772
39.508898134
15.1785476316
17.0287963687
23.3533949401
13.3720808544
12.6423070466
7.74187431636
35.0300945064
16.5064384202
21.8766683394
11.5491329616
40.5733540681
22.513565271
31.5853784587
39.2733132171
7.96360546548
32.3821653544
22.5136782489
25.3805353852
24.5922958824
32.1797254271
26.8689549778
23.6083684731
16.1471124597
9.89962978871
3.08633698301
30.380370776
31.9880163427
25.5727784447
8.03380078563
21.6161777819
31.158946704
11.1867559021
8.40637588114
26.5731742935
20.9204064031
16.6368948536
18.9566738042
16.8123747065
21.7394110739
12.5648218717
-2.97120848813
17.2349431235
26.4921519181
24.8318845732
33.392766926
28.9748877065
23.6831881585
33.9699632912
22.4454634079
14.75943797
22.5008373703
30.9236243392
57.8327905469
30.295970719
8.20058602105
36.3578283915
33.120773999
19.0291867668
30.7483709652
17.0207987887
32.9735553449
14.7000619165
17.7754141114
22.4383778997
6.50680329591
27.3280351458
24.5811886327
14.8401920313
26.3524113718
22.99531636
4.66449143119
13.0508017159
26.929869469
20.4427899891
18.0963127302
32.7602168178
33.4724173488
27.729136401
5.85145140392
14.2860752989
19.2427816674
38.5848824147
23.3518387978
19.7917285391
20.2234417265
109.002866864
30.0758782022
13.3385875343
25.0642472987
16.3771792009
19.5647802732
1.21206349005
-0.0243848595814
30.6588690027
49.6354751283
15.0547727361
36.9479193143
-2.55131065636
29.1960239507
23.7460331703
19.8751921045
27.9843726422
18.3455558587
15.739125969
20.0620405322
10.7905581976
16.6449141511
32.7026038027
17.2069858037
35.85162565
30.6518057312
12.0487607706
32.6919365747
28.620795688
61.9217869333
32.4602996823
22.4058112247
18.039025047
32.7170307189
23.2866460394
20.6806204426
20.6664493136
45.1695761015
16.4964090018
56.1982346347
30.6656115248
62.216849475
28.8146368477
23.5120445652
15.3164408549
29.6436041427
20.2403896391
28.0433582262
9.8707786945
12.2408671724
17.6889951128
39.556065014
23.3481358576
1.6721624708
-8.21227696191
20.6806204426
31.0527139153
27.8374821153
23.0218114996
36.1124387094
24.6493582596
42.4508359118
28.2179035404
29.5114645942
29.6375082091
29.1291738481
25.8387765194
4.58238866209
27.9546855549
-2.1187791992
44.8908521034
8.87444529004
23.5286223988
31.7860563288
22.0183685251
22.9187223418
32.2620044986
22.5008373703
26.6014871844
29.7476865969
18.8876965709
30.7691654869
8.9216652308
19.0203023561
26.8818994857
14.8401920313
21.1772567006
29.4113504817
15.6605497753
22.9244925756
1.61310704288
13.5676727718
41.7528448128
12.4658456485
2.19014989453
24.9685727763
19.4900812128
35.3501846777
31.4008514875
20.3062894858
35.2214710846
21.9703847312
22.2485142308
32.695709635
11.6684446327
10.4094132658
28.6379191016
19.5109009998
11.3729874835
25.5990552379
41.4051480146
8.19931972843
24.1873076251
20.1889034382
39.3384955211
18.7227386501
1.92067455234
24.6324741038
20.450147971
26.0769521642
20.3174705738
13.0668492384
31.8999785337
-8.19221670178
35.7300150843
29.2987640136
14.5737589885
11.3948300341
30.0004655929
4.99850137675
6.7138802793
18.8583479219
19.7764075831
10.862415932
44.114146489
27.490399453
2.96898471643
19.2330578218
30.6332689997
22.4859300077
27.8673428209
24.9481069974
16.3665610314
-19.7281833484
28.2917182824
5.03531919888
9.98640056824
14.9721612274
3.33115710075
9.40897965611
14.8782127549
31.7481907637
12.3758228665
40.0860704086
28.6379191016
14.9512043167
33.0601117863
31.1029063806
11.5930622392
35.7437030368
19.6114928148
3.50065751956
31.5948226464
26.8134993745
-2.04279384219
1.4961259438
22.3245361444
23.4697558572
9.02445866514
23.3735224813
-0.920992009256
5.26484581659
35.3444071083
19.4520360221
18.6542179087
31.2796021191
32.7602168178
19.7786138194
37.2978533641
28.6379191016
12.1011329834
7.21150194462
36.9533056231
11.022332763
14.6533732245
26.2910622668
18.024664726
20.4958481401
19.6718976874
7.35315333021
28.1291265287
-7.46495027244
24.6493582596
35.3288328279
8.17327016136
22.7743083209
8.39821929178
29.79002674
28.653200565
31.2424151408
24.6493582596
15.7805733866
27.403146907
17.1452169779
10.4143884175
32.6919365747
-5.456372467
15.8900178183
16.719537081
-22.8504275033
19.492786792
48.6800229592
24.1578336954
20.9550233261
33.2648505034
20.9519756159
30.4256871072
13.6259806742
17.9341922382
17.9172743442
10.5266445606
32.2947296883
26.8044946554
50.4312235322
17.3287230979
8.86077804002
32.7576508333
29.3602807799
-0.570146737098
11.5465782579
18.2978292624
15.4479062281
20.4958481401
18.6069443403
17.0341592795
28.7153862274
30.3901000274
-8.19221670178
25.2410819994
38.6804751613
31.9270497799
11.1587114483
20.450147971
8.50752675345
15.572425646
10.7102242665
12.296661518
16.3117417639
26.9764529439
17.1652723417
21.3455233783
16.7359292816
23.2330146107
24.0111662747
14.0818964487
19.1613369933
22.160858326
7.66586984924
27.5765640025
19.4560254634
23.5163592271
15.6908228418
33.782819128
38.1473408095
10.1234691624
22.6347407637
30.4988284163
0.617286529172
28.6379191016
-8.56056665093
23.7663296185
17.0288939867
11.4876996194
-3.74608872212
29.9042875919
17.8002266176
22.6347407637
30.0758782022
7.78662814894
22.6347407637
23.0772362179
32.4791996887
-0.920992009256
16.1147492842
17.428201817
-9.0789837374
16.1147492842
22.3776456552
-1.03969978169
26.6876720991
14.6439813164
24.8238168693
30.9236243392
26.9409127818
26.4777975141
28.6379191016
11.5130429998
15.5687065122
29.3602807799
19.1914596462
20.1501257199
17.9718636193
20.8540840813
28.4916016305
25.2066946675
26.0520529725
18.1482558472
25.7181886245
21.6342657488
29.2315917325
11.3723164597
33.4270528639
3.12692477462
-7.11209353769
12.9823519109
38.5800207813
43.1834004867
27.2851416003
25.941880675
4.70978806393
27.3725576676
-7.06679779147
33.2580092107
25.9336528511
19.9076439247
25.1234955068
30.7483709652
19.964239732
18.6669873259
26.7987333306
29.3332013169
26.9483761719
-3.7010033935
32.520456261
20.9289258116
27.9529466925
11.2212455568
20.5962696721
17.9989012161
29.0562882448
-6.97948377286
25.4166659155
39.4121755048
20.8751243482
11.4081757221
19.652815024
22.7089774205
12.9649156259
28.9871982214
12.8561152539
19.5661204739
26.8746542666
26.3867772256
7.42050681501
27.1467056611
25.8502339104
25.0231468692
26.0001123699
15.5974750641
8.13460248106
25.4666206807
19.4622034068
-0.633836166683
49.1608815753
22.8694075169
21.0390280563
25.9591321778
27.729136401
25.8237102777
22.9272924582
26.5731742935
22.4741842453
-0.0379641769274
23.2133971011
26.1947866055
26.293419964
21.4929425125
18.1321682215
21.085371768
23.7252870701
17.5628141249
32.7294994268
35.3402081423
7.22743631944
24.8323143457
24.0672948328
27.7575474226
18.9566738042
12.1862295552
20.8647821623
16.5708761414
19.1702425892
26.8044946554
30.7483709652
27.6691036188
22.6347407637
19.8967016804
-6.53523039092
9.47139201306
28.2157777256
22.7265127368
13.9183696086
21.0155937873
29.7868282297
19.5098368582
26.9678113386
23.4544201032
27.345629087
28.5015485522
26.8364572083
35.3151769821
23.3268802777
39.3384955211
57.1302420717
28.6379191016
-3.38880463004
12.9900808244
12.2064293034
28.938111699
27.5581638904
22.4920341419
16.3452328516
27.3148521832
26.2552904074
26.3454973779
22.9664477032
32.4842184517
26.5322427905
14.5161002043
18.262443594
24.6346885282
25.2298089386
24.6222905265
29.8205735871
53.2931214332
33.9843761335
26.6329804001
25.8795002261
20.5230601085
27.5364001121
25.0003471622
21.0586735434
37.2042006427
20.4927239478
-8.71852781717
39.662989482
32.82703711
4.28094545984
22.8473915516
24.3649057607
29.8140538389
16.9713706375
7.61046256873
21.985770391
21.6535104752
8.67255210304
25.3922704579
49.736381641
29.7438552498
23.4090524871
10.314753975
26.8481245705
23.0158854925
-0.142222058828
13.1604972967
27.3397661939
11.0121702232
48.9428729828
17.7355768449
29.6988207394
26.3146000723
31.3168477032
29.7084452338
24.6775309935
28.7282282807
15.1447971939
25.5936142292
21.0586735434
13.3298516772
21.703694057
13.1477470893
-1.11647244672
28.8016487801
-1.31074701814
26.8134993745
27.2602380761
18.9565186686
48.5598059111
26.123955121
20.5482467124
29.9026562067
20.0655622532
12.9268790854
23.597363798
5.72248026483
21.3362687545
18.8417106507
24.4220986325
26.7071950906
25.094595195
6.75220263558
24.7420060406
19.767904039
6.92264693127
-0.125334592109
41.0960280614
33.4887148624
23.6322118959
-8.92207423091
18.8808025985
27.3926558488
44.4432679545
25.024569881
21.4866644299
29.9077327528
32.7151558318
48.303101742
24.5456339324
26.0765418656
25.9996223019
17.205389819
6.92264693127
20.226622263
21.2534579992
26.1490575213
29.5295086291
18.9567941083
0.694084678094
-18.8299100121
7.67992996411
22.1633383022
21.7284093958
21.1679032554
28.1292522326
21.7111689974
1.42215444961
22.1307092129
-3.41959047058
21.2867643113
16.4038689896
33.6236730157
7.76064081081
21.2418173094
26.8824602923
26.5770809867
29.8205735871
11.9594085091
33.1497800318
26.2403633823
18.8531981491
25.8153045647
18.8531981491
21.0586735434
21.0586735434
11.1782709821
17.5111202216
52.5184209552
1.00533107082
-10.8020334073
37.7325183396
22.5381309036
31.3165143229
18.9185174095
25.2557403695
26.6021273474
32.3856517762
20.2052895114
33.6652091641
15.8548719759
0.233683941524
34.3417426468
8.13460248106
9.1299253421
23.2035893868
36.4098540553
28.3603532223
12.7531633712
28.2387133208
-8.8561786146
4.7714304846
18.4328981437
22.3748527532
-8.19221670178
41.0366703695
23.7604663561
32.6336079303
32.1114678156
37.5431067291
21.2753505324
16.5708761414
17.5459079601
28.6848293515
0.640456454325
24.0053901132
7.85562554606
26.8948446602
16.9703520807
94.9656943713
25.2745365466
34.8992951183
24.4548805596
-1.49030538948
23.3897946567
28.4745970232
17.3678234579
21.8203071435
-18.8299100121
20.6270067804
13.837939845
23.2821703643
23.5049845021
28.1626586633
28.6234072868
20.5803292633
16.0578157547
43.9723533235
-6.53523039092
24.1351720164
23.096322342
-6.20656438564
30.5888364835
21.9162712567
28.2418156357
58.485873485
28.9143128272
24.411709974
27.9445903993
25.8323345158
22.3484034381
23.9683472669
0.617286529172
27.2426291901
18.9629979224
22.6671009389
20.6900530151
25.3361887881
28.5080032777
67.9957994397
30.5136550017
18.1094138532
16.93092587
53.0710593604
26.7452296882
32.4462953135
-5.96602900343
0.617286529172
21.3512768734
24.4954495223
22.1182944809
9.07043612768
20.74087353
16.0578157547
5.65848714398
34.1032951856
4.7714304846
-60.5148459479
25.8166464626
9.53892359571
18.704920374
3.54299940645
4.99333328273
22.9547102269
27.3899193416
24.7134427634
10.4737466828
13.8002991094
33.9403580731
69.5586557087
23.1938162301
13.2025809118
11.9097505916
24.1657855406
21.6185991006
1.93163106435
31.0582557079
6.0526376519
26.1614987425
23.09943731
34.2435534822
15.3369030822
30.1798093367
22.1007486842
26.7355251384
22.9316936451
25.1820528141
17.6472537231
4.82604394014
10.9693778243
17.0928302529
-8.9753910832
23.6351452158
24.3604343495
26.396165865
20.056178185
21.9860072517
15.2949128664
8.06113016295
21.2145586194
24.182472579
-1.00425520772
29.4006123361
20.0039198255
24.4983720947
23.2035893868
32.6336079303
24.2755857384
29.7332995784
35.363827189
36.6417040286
22.4464704525
24.8852447429
30.0758782022
21.0072143925
22.6066670828
11.9338599358
-19.2011126301
19.2258176008
27.2572365266
15.7997377079
-5.4608906123
-6.8208843102
25.3495787427
22.5659931204
25.2410819994
24.8198005482
25.4046488709
26.8044946554
26.1082914287
25.669947437
21.0586735434
20.2949843554
23.5716487148
21.5754616902
26.4599260112
36.6629396004
23.3920242463
27.0803406965
35.7157876768
31.506305652
20.3748381654
25.9458618987
27.8713432322
29.1229979082
16.6974708368
32.6000009103
21.9508787394
-4.80183704659
28.620795688
31.3743905938
3.82127753309
29.5534160532
20.6806204426
25.9983650322
29.6735617044
22.3812099717
29.5753762095
27.6677970408
33.9166501976
32.7151558318
20.9924681849
61.1164207641
24.8015988751
26.588421578
21.0586735434
29.9913201025
48.5236360438
24.2664275389
21.4247471808
19.8206420872
25.2410819994
17.3646971935
23.0096968633
20.5582072845
25.2782744322
4.34098875894
52.832744946
10.690397996
32.7365048587
21.3831299429
19.777859784
34.4449467925
16.6364556312
20.9486937671
18.7029390261
24.9204075271
19.7953440709
18.4662963673
18.4090899851
8.73086551943
16.8440272968
20.7091306424
22.6932847311
21.5547782091
27.2029868147
26.1295390035
31.6385624148
21.7586796123
20.5384736015
21.120873858
18.2784597032
22.9446541543
21.7586796123
20.3579278481
19.5067816752
20.7091306424
23.3495086434
27.0982673256
20.4858811623
22.3640587674
41.6229552855
24.5450752085
18.7615876279
18.1098214672
19.0240014062
23.4988022946
25.6820422899
19.4835680566
24.0477514531
20.0136825754
18.1694046702
18.3379372979
28.1685030258
16.4617841698
30.2565946678
20.7790286331
20.4650867145
17.3089530671
19.247331469
16.484776451
22.0062176364
27.2701133028
18.704920374
20.7091306424
58.460922388
20.316939847
18.6844005658
15.5974750641
21.542084464
20.7091306424
2.09905739894
22.562794337
21.5521597945
22.3259273677
19.5769419086
10.0584314361
19.1310226878
25.8170326879
19.4489053439
36.6945749304
20.7091306424
28.6379191016
21.549354428
23.5132198178
22.2354996426
22.8689828231
20.7091306424
26.8998956865
-10.984387308
-9.21654781619
22.8033338951
25.0484574511
8.86980106482
22.8033338951
20.0188207037
15.4373281616
25.3424587241
21.9785833179
25.0827938298
26.8044946554
21.2124119156
23.9179857935
21.9315694604
17.5324673092
18.8777346842
19.8816717967
27.6933976596
2.52951084362
21.9144419917
22.6228364931
20.1398661616
6.03778125342
5.60887499856
2.79093254137
-8.19221670178
22.8033338951
17.625492711
21.8854345574
22.8033338951
17.7896521578
20.1151889984
8.82864168443
22.8033338951
16.9884203621
20.0209579257
19.777859784
22.3640587674
29.8959426927
22.4290333968
21.3010291703
20.8924477596
19.8274610773
18.704920374
31.2464538134
22.8033338951
17.3847240362
11.0484290866
26.9042768111
22.0763160188
22.5002302353
12.2658994982
14.2799668315
17.5444572352
22.8033338951
23.7083392689
18.9873877062
25.6772662738
28.0914775041
25.4550301701
16.0264213723
26.8044946554
29.5249927622
19.3474090335
31.6292583053
23.0007269542
8.40637588114
20.6806204426
18.1496835833
24.1734076888
44.8529079881
15.5159659275
17.5804063692
25.2463404842
23.4007796206
21.2147870197
19.0522060722
20.7091306424
25.0872753406
21.8561181038
33.1176528847
27.4787179426
32.7151558318
49.9873154046
22.8714498257
19.3164813457
20.7091306424
18.4448818361
27.3498010733
19.777859784
27.6866053914
26.1606993291
8.86980106482
26.4762263941
20.7091306424
25.7340319125
18.5190377415
20.6855128736
28.5556511686
19.8217600392
25.4865277455
15.9808990557
17.5342877055
20.7091306424
20.7091306424
19.3719045483
1.97009305675
24.3783958026
24.2683178577
20.1286523267
22.4754384374
20.7091306424
20.0296779512
21.3961557074
21.5472908155
25.2632825357
28.9833491074
20.7091306424
20.7091306424
18.5938195242
19.3400818693
45.1951687725
29.2105464277
20.7091306424
14.7642446128
22.2354996426
9.9862789671
24.1445168391
29.1694181092
20.4054227371
20.7091306424
19.7553273644
19.8779876615
14.4924106566
20.7091306424
20.6636434532
24.0124606945
27.345849434
22.1833848571
29.3952174967
20.7091306424
19.9316132149
24.9687893647
19.9106486684
20.9474338268
18.5022586739
20.3320502496
10.5738878939
25.4469475463
18.704920374
19.6111196285
16.3105093792
21.4723417287
20.7091306424
23.0726618227
19.2703093433
23.2187688878
14.6604745128
11.4328676469
23.2187688878
20.7091306424
19.5729912508
22.3785823505
3.51962682902
37.8141686212
8.11546827674
24.1445168391
22.3640587674
35.5897606814
13.3253853496
17.8498990714
19.6742680378
20.7091306424
23.9456462625
-3.43303346252
13.3012233021
16.8829225337
22.759986828
20.4168880375
20.7091306424
24.5226476785
17.8787730635
23.2187688878
27.1071238421
18.9727453588
18.6071821043
17.8524373428
21.9361629525
22.8694454554
25.5781348264
20.7091306424
23.9456462625
23.7464675587
18.3403250935
19.1030134179
0.184669312032
21.6332996341
20.5991311984
24.6297871925
20.9869860938
25.6642374317
18.737274519
20.7091306424
21.4867079975
18.5704135375
20.0751218258
25.3223198332
20.7091306424
20.7091306424
31.8364983901
37.1789578174
19.4011577338
24.4657290897
57.1353041937
25.9210515647
19.769568682
22.6642305191
18.3403250935
28.1521009681
20.5341553645
15.4780053779
23.5461638072
20.3688511272
13.7664814952
21.0893332825
22.8244567185
22.1417748908
20.7091306424
19.9648139548
24.4453750956
15.3842726764
17.9989012161
15.0681554661
20.7164059928
20.3327192244
22.3083198557
18.2265525338
22.5530487188
20.8999816967
20.0516657939
20.6866904621
22.0998696622
16.5360446898
20.7091306424
20.5928949868
29.9620581092
23.8728376456
26.7560749986
19.3897786236
21.5610523578
21.2937390971
18.7447159768
3.61401775795
26.8078853832
26.6678505425
5.87986412616
22.6092839387
22.0775416206
21.1312252476
23.2260442382
22.0998696622
22.8694454554
33.0411204748
21.1647731892
16.8913550466
18.2724690872
15.1071005297
18.4692787072
24.1632859085
16.3658998019
20.4907907289
20.7091306424
20.4511099077
23.9630767119
24.9268720594
21.1387353259
127.182027797
22.6289596682
21.3057877654
21.3498065474
22.8033338951
19.3377844453
9.86566645678
17.1201228081
18.303502727
20.7091306424
20.7091306424
20.0083982909
20.7091306424
18.5015222256
26.1994587271
23.9589461789
21.9812237695
14.5684720449
29.3323871986
21.4410425393
25.2052975228
18.1095844147
18.2076724045
20.7091306424
22.4509102105
19.7019789424
21.0355616853
18.704920374
18.7402711179
24.0663698288
19.5574828415
17.3847240362
21.1755507164
23.4151372253
21.8974662875
60.9738203089
19.993177002
19.519906326
21.9533386855
23.2187688878
16.5853256756
31.5390003882
16.3133576265
21.2290278579
22.5671903651
23.7820974706
22.1948154484
19.9808224661
18.1925834296
22.2548413133
20.7091306424
21.2572156994
23.7820974706
20.2343881165
27.5906308365
33.306592442
24.051057127
23.277438012
25.4370255956
25.7726727025
23.7820974706
25.025479053
20.8419881587
19.2651494453
20.582479186
25.511951745
17.5061138333
15.2342030969
19.3093149778
22.3640587674
19.4729295976
20.7091306424
27.3498010733
20.7091306424
19.777859784
20.8756709571
21.4001918143
20.2713239946
23.9456462625
15.6308188031
14.9051084957
13.4461629117
20.3810728853
31.0724368682
22.7939105528
20.3824739383
24.6045903016
23.3072628797
3.34759580787
16.0676460397
28.6379191016
17.3533354717
6.06861937255
20.1595096118
20.3577250867
20.7091306424
25.7340319125
20.0136825754
18.7031306999
22.2166994622
19.5840318793
7.07157732857
20.0465167309
21.9762559562
21.6297923655
44.9507808866
23.2326091758
17.3473924531
19.8796932829
19.7574538018
21.9891676434
22.0056433665
17.2654910805
21.512973006
20.6039598897
20.7091306424
23.1567551746
43.0049464322
24.5678471819
30.6147915381
25.2644391876
22.1490502412
22.6671786128
24.4647718198
21.5381132077
23.115116082
18.5742575612
18.6405059692
21.883503783
16.6662862828
16.1855790467
26.3599381303
20.7091306424
20.136860793
24.4019507372
26.8972707227
0.0443679612689
13.36011902
14.8401920313
20.5351428169
20.5865128173
20.4390105909
27.3174708851
22.7945937323
20.9282147707
20.8183712527
20.7091306424
21.430401182
20.7091306424
31.247109031
24.8343289334
18.9527388158
26.1295390035
21.6205776725
20.0136825754
17.5878671802
13.8738018083
20.7091306424
23.1254012228
23.3990072748
15.1046172661
29.8480883065
21.6090658068
19.0167446537
16.7286594368
18.2165399649
38.696692661
20.4478193703
-4.6708378636
30.309240221
12.4733098315
23.2353837332
21.5891844988
25.8668999826
19.8414786866
28.6188587548
13.2626921446
23.1892920487
27.8145530398
26.5731742935
18.2307269237
52.4707796153
22.9558531703
31.6405512415
17.2106622733
20.7091306424
25.9844408127
24.3254751301
20.7603168373
16.6918114627
21.3336171226
19.278356022
25.7043020334
31.8950670775
24.9721230063
21.5524783558
22.1847945315
24.4263536197
22.0998696622
20.7111312904
0.524307134296
21.1732865306
19.3967250755
23.0175944934
43.4759987697
18.6656656362
19.3156167885
21.380561377
20.450147971
33.1677399149
21.241938877
51.4378915329
12.6505269375
18.3998748714
18.4712039897
20.9541636991
21.7586176491
4.81380272659
26.3729622676
3.65650413564
31.0335201593
69.4149904599
20.7091306424
26.8868220363
26.8868220363
19.4490694426
19.7577511009
20.7091306424
20.7091306424
26.8513480823
13.9365532857
21.8168064817
19.5800773747
9.57080114429
20.7091306424
18.2651078542
23.8896944435
13.5720294897
19.3435932469
23.1569184133
20.7091306424
20.7091306424
23.9456462625
19.5495636299
20.7164059928
21.0305851437
12.5262118793
8.7370548728
18.0964058128
-12.9658411559
19.4793040078
23.5226386738
18.0198649257
27.5162637306
21.6567429371
29.7889575758
21.066829662
21.3427764775
25.1728729107
25.0435631275
15.4915033396
19.1627738904
19.1699994711
20.4300086846
21.3427764775
21.3427764775
9.00889807692
22.2461808311
21.264442256
4.49862411701
22.0533450526
10.7927385193
18.9886135163
26.3505471562
19.1247906719
22.1728481556
19.69881122
17.7524540449
21.3427764775
21.9774598555
21.7794946892
19.9838618641
19.7472149275
20.5093697497
19.8377756149
22.4450765291
27.6391776475
17.8467323804
19.0496963914
26.2998891264
26.1785181534
21.1415237571
17.1248895611
18.5913146975
23.1514188045
12.7365927735
21.0310873451
17.4072990392
26.1295390035
19.1521116124
51.3205611996
13.5349213941
26.1080413785
21.3550652576
-1.15810704076
20.7091306424
1.98839471872
20.9800911169
7.89096494706
20.8483398527
33.0292716926
23.7694134719
20.7091306424
34.560985572
23.2648495314
25.0001064925
34.2092160001
27.1839605337
13.1556637947
18.1224895496
22.2742616498
15.4413556566
22.6658718233
19.777859784
22.2923335585
19.2125386857
24.3303123603
21.7183607405
20.6691292258
11.139979134
17.125506102
21.7533596027
20.4774848182
17.2835402302
28.8424977788
20.7797272093
18.34502183
21.3914296914
19.8011039211
19.5429536077
16.6558940619
28.6203627392
19.710747877
33.451252801
19.7100696158
-0.27373459935
24.5307202532
29.1134039322
20.7091306424
29.8410389268
20.9402289512
23.116420266
14.3685176572
20.7164059928
19.6976248916
18.5049932999
24.2997485865
21.1155011966
13.1069606449
19.2300665204
21.3165814693
25.7567996466
17.4920076742
15.8511805773
23.1206793752
21.9401737442
20.0522578105
23.4894101451
20.9970832947
22.3981167016
19.119067605
5.59283084856
21.730212816
5.59283084856
13.8276464242
27.5326926482
-3.6280496607
9.59077945323
18.9161230523
21.4359541823
27.4207863154
11.4394692386
22.1211413809
20.7091306424
19.7863646394
-19.7350779928
14.0660272246
21.8727966182
16.8956776794
20.1463388394
21.4374593517
21.4664136752
20.0244680519
19.777859784
29.3999024477
19.6754980274
28.1951281542
18.9312412722
17.9101698924
25.0225876436
27.1330078696
4.81860463226
23.7604053317
20.5622210777
12.8779658026
17.0740444831
8.89188551391
21.6085389505
27.8432301267
24.4151938327
2.53686053552
17.764133311
18.7693998877
14.0099805543
11.4352289684
18.9191290821
21.4664136752
32.2240806014
22.9354778841
20.7678884023
30.6741216652
25.4865277455
50.7188269339
0.117397151859
25.4865277455
20.2607171383
22.5791830926
23.0643407406
21.4781560166
10.733556506
20.6885241838
43.1764783611
21.0669858952
22.0242422776
18.827152848
19.0406061301
22.7854197651
22.0626309515
22.0244286297
19.6397602196
18.7729591549
21.1395734778
24.2705397216
25.4684003669
21.990490739
1.11597878323
26.9533956815
30.9574282601
18.1133130437
0.469338992797
25.046290343
22.1167858525
21.2363032082
20.7091306424
22.4624585077
36.7345803717
16.451894967
27.3122298341
19.8201859616
22.1133711824
14.8401920313
23.8851444488
10.6466022279
18.2991103341
15.0046089941
9.42209542924
25.2304862947
31.7301916281
20.7094140522
21.6075587837
17.4228679907
-4.27727749928
-8.10931371805
-9.78925431629
-3.02089495654
17.3447168174
28.4999908787
8.99258410626
35.9454298181
19.5647061503
27.9893320422
24.3275359968
21.9118643026
32.3222544879
21.2819520638
19.2022287212
31.9593071339
-5.68257845633
19.9700862716
18.882566821
22.4294070572
26.2972848467
7.79470074298
22.8407280901
31.8764232934
30.6910852096
22.8465770314
20.5592534754
21.3573346535
16.3247876219
8.13460248106
19.7367175457
24.1906820331
17.6489044527
18.8523968027
-3.44898912737
-2.19215233704
24.1671001358
15.0121944169
22.1307092129
0.795134651454
20.8086263012
12.9578632464
25.2644391876
-3.15200765087
-0.480964868944
12.7519340533
19.9844375971
24.395437926
18.6881217978
16.9125521283
29.6113208608
25.5090375522
21.0202250725
28.3814923957
21.8766797315
19.4329185026
14.8401920313
17.4049705576
20.1778451239
22.3225567184
23.8447499694
21.2221373213
19.1229061383
26.2102952615
28.0680914994
21.386279325
26.8868220363
36.6389667849
4.23200977484
18.4856549075
31.4155355232
10.5442143659
48.775989028
24.1445168391
23.3940222618
23.5632911885
23.2149199199
27.3374017888
20.6960880167
19.7729693419
22.5494323043
16.1221427177
22.593034523
21.393646857
21.6255875538
26.6281087375
15.0253681537
23.5357349865
40.8124893751
28.4440792125
24.3907831753
16.7083765155
5.80383223443
14.391329705
24.1906820331
25.9078277886
18.1399752774
27.8195307859
25.3411463152
23.0585205629
24.7616777056
12.9189760624
20.4150864533
20.1422508289
18.3325074445
14.7085831606
19.2280887554
24.8911059143
19.5440793603
22.2997576917
16.3045667614
1.97009305675
56.8668396654
18.8308563868
102.118277518
23.9514276194
17.3666350572
22.1833848571
28.9159652073
10.6442407265
20.896047017
-7.1281585614
21.1742526459
18.4815677587
21.6054068141
19.7288774004
15.2950414152
25.6047161484
24.019342773
20.7091306424
29.531624176
27.6982133914
23.8592798219
17.2152186708
5.12677745006
17.2026354014
14.5424366011
24.0424557477
32.1646862153
17.943945951
19.6111196285
23.2187688878
18.4363987334
-4.0271800126
15.7453482401
18.5328755441
13.6212430205
29.3431164143
19.4043706129
22.0041737335
23.3608927997
21.4664136752
18.4818652603
29.1214760362
23.5632911885
25.4893741727
21.6690240102
4.08951386088
2.19986566151
18.2392481865
7.48543219953
1.05652815085
25.9574038245
0.703429119475
12.3800923
24.478956156
13.8917274737
16.3585174523
14.6490105065
28.5942174017
23.8126091364
18.5913146975
24.5378143923
16.6889469991
18.0032816329
18.4245565282
18.2363258345
11.0599999395
26.0498336551
10.8796731907
-7.93315110233
-0.478282510887
3.81168920231
-0.0037496210545
26.2595870078
-4.29948156759
25.4166659155
16.0416590409
34.1638828889
20.8209162126
-4.32125816642
19.1928248901
20.1888461072
19.8313221038
22.6306947966
20.7091306424
21.2925723295
20.8925562681
24.8460229207
17.9947509501
43.1695931771
8.96721155354
20.7091306424
16.3892639629
23.3484615724
24.2274549803
20.7743517545
20.7091923831
22.8681366024
0.917928540682
20.7091306424
23.6493401868
25.015879469
-8.25865781574
19.5271582383
18.485377044
1.27067958836
21.1159456289
20.7366667898
31.1700088349
21.0461693954
26.8803514345
30.470867362
36.7437466884
62.2419742333
23.1982972821
24.6323817256
15.0489785875
22.0998696622
22.7000172797
21.4101770564
-8.04397687636
23.4630685959
15.7787572589
20.7781190801
11.8445272637
23.7453325143
33.0063290659
41.997003831
-0.285635543011
20.6704463593
53.0707553141
34.1499901107
24.1151014397
23.5199691624
17.7707409451
29.7085535241
24.1196507036
1.27839894788
34.3219447369
21.4818706126
26.9137339225
18.5985900479
10.2653771444
20.7091306424
30.4087677329
6.20372617569
19.863507523
24.7315047836
27.5066221972
52.8841627631
50.8797354933
15.2503589527
20.5647809165
20.4573856993
27.150563846
33.4854114055
16.2197903014
6.07809382445
32.2893982716
18.1853677613
32.3883760339
17.1960588792
11.9756903037
19.863507523
20.0099983616
20.7806528744
17.1920270177
3.63493793483
-6.93393460431
11.8131122185
18.0209228945
20.7091306424
15.6123037882
12.3653975694
19.9846986795
20.7091306424
26.8998956865
19.856669552
24.5676694398
2.7785605539
-0.0617750134471
22.5463106046
22.5939582798
22.039520428
8.13460248106
34.4281422258
1.27839894788
15.612333397
21.518450946
13.4553385616
26.114093935
24.5629926256
20.3850864509
21.3320003616
18.036735669
19.0767447938
18.5225731151
36.7437466884
13.5562615084
24.3649057607
22.493193687
23.9134257225
-5.6581063929
19.0767447938
17.7503845381
-14.7604989494
21.7651578304
84.0866002515
20.4624373777
20.3483831275
22.1974959146
-0.13299976587
30.0902583269
24.6540495205
62.6612323627
1.58484355764
23.266903012
17.3532890537
3.54299940645
24.6493582596
-4.29948156759
18.7857075453
18.9239121616
625.040356192
20.5283364021
0.0183056782973
5.16158570728
22.4860450199
6.06919157268
20.1092291856
19.5452380623
21.8516726834
22.1601380426
18.2218356688
6.15853753443
19.9934068783
21.8641678446
93.7597521011
20.6806204426
22.3640587674
19.2979697547
23.7170623478
25.8915544599
19.1646016226
8.88077615913
24.8552399933
20.1955748016
53.0707553141
5.54730546544
23.626030025
31.9306404125
23.8250155251
22.5724546388
-4.12924987508
52.4544219749
19.7729693419
26.9533956815
23.7516993862
9.95122269479
12.1525738283
18.6482751305
22.9332319133
21.9319204847
41.9117219705
19.3789983452
26.1295390035
-4.27727749928
20.589310602
22.5329038761
8.04173207597
18.1076370596
18.9369117084
26.183231658
20.7091306424
4.72117973398
30.7061692289
12.0260899885
24.2695660897
20.7091306424
27.0867156347
25.68428239
20.6608288548
-0.73555529169
18.2440700738
20.8426260965
46.3934092455
22.3142497471
30.1045814771
-0.213626258188
22.3834911365
28.6379191016
22.1444773244
33.7846111889
28.5413301865
50.5136534421
14.4009756127
21.2265227257
0.610031419392
22.5371481514
-4.3798477944
32.8726882393
20.2607208279
23.6845855189
25.2462608467
28.2783013221
15.227247785
0.19744673622
19.356241274
31.3692132955
19.777859784
-6.30990716202
29.5772292589
-6.9566913592
12.6788092631
-4.98809818029
50.4112870002
25.8631437938
20.3950933081
15.6437441596
50.4112870002
20.8637382923
11.1172933903
0.276675887135
-7.61771179021
21.9094729866
21.8924364835
21.5415081416
20.537550732
14.1235205053
23.1854141249
22.1586115074
10.8902882329
6.2990710347
3.21380128712
23.7703290662
23.0846170669
47.0861070833
23.7854765967
47.3858912553
23.5141419064
-5.53303616524
19.6749688566
18.9505196983
23.0070758538
13.0069458482
20.533690616
18.8115162696
27.3722347057
32.0200222696
11.8274225759
31.8133677415
26.9972107401
8.69870899226
23.8693556109
20.7528391697
21.2422923243
20.1356296911
25.2371910786
41.6410778785
22.9872813733
16.9054761562
19.6185789435
23.0569884779
17.435881011
10.2653771444
20.8435753587
1.68813808921
5.59946505515
20.9585644845
18.6008806688
8.13460248106
23.4260351744
18.1313989243
19.6089006018
20.3387363629
26.7633165959
21.079275627
20.7519056396
50.5226240183
21.8727966182
20.5817552409
22.981208149
43.252926492
8.51111795455
17.5648497315
9.75983611929
19.082411717
22.9891583923
-20.1886526134
29.9532428541
27.1930304311
39.2318014237
19.3841624131
26.6505489178
25.8976700499
24.6056442121
22.2900557701
21.4993054053
21.5047059725
0.777281186254
30.9447142529
24.3698262937
21.0957452917
19.1064861028
18.5771288407
8.86603235776
23.9990820454
13.3896808034
20.1072827273
22.2002156523
25.5953132531
25.1073389655
22.6798481909
8.13460248106
18.1552381225
24.0721617283
33.1066242934
20.4786336853
18.7301441078
43.4409769409
22.8161972593
26.0143146854
19.054919401
31.3687594598
5.92964398677
46.447401305
-16.1962407364
23.7854765967
18.5403936866
34.7566328973
19.777859784
25.2462608467
19.7764438421
23.6636806052
72.5091867553
36.683099171
34.7566328973
20.9585644845
23.5681520084
17.4870223337
17.2501315472
24.079342225
11.2089510975
22.8000049898
23.6229905892
28.6663922195
17.9241775475
20.3395308887
23.3251016592
28.883476957
32.6195188632
32.3743171427
14.8401920313
-2.89773125665
18.8554484058
25.3457252415
20.7091306424
24.6493582596
21.2259828396
21.2261881523
18.8554484058
11.7625292219
13.0574243339
6.85775184112
23.2837543831
20.5103765308
12.5327953614
11.4871048866
18.4718822453
21.338071773
23.3268235331
20.6806204426
-6.00036689326
17.9426607684
20.5351428169
21.4154455386
-9.04604500125
20.3062894858
18.065921432
20.621354482
-8.22269668009
20.6806204426
20.2251824861
21.4664136752
23.2187688878
21.8539316103
0.459018235615
24.7615073916
15.9591147602
20.2467467736
22.945143821
20.2638490094
18.9886270086
20.2962456265
23.1580216022
22.2015295106
23.3251016592
27.9128504725
21.859481363
21.814013583
18.9756798809
19.0164591593
21.0545146973
20.615788269
-9.30426943923
-8.64767283274
27.7651384678
28.8722553799
3.19727978346
27.031466613
54.875806266
21.5663817956
23.1325449284
24.4071090122
15.7782729517
16.0263292824
6.99889423749
33.6681921755
32.7602168178
27.8657611782
21.4223413446
22.9495156966
4.02991785043
33.3097207646
12.7444246019
30.7280849692
22.2877295987
32.8505775991
18.5523359676
18.7303361449
0.926973081196
20.7212593469
-7.09053530088
19.5148031244
16.5704108207
7.62906901404
29.9445104553
22.945143821
26.2275918441
26.0634013703
27.3453697052
19.787356055
19.7061544485
19.7311965671
32.1371179832
21.7408546049
23.4529389432
22.7261604709
27.0274503492
26.9939507581
16.2543167264
21.5318828681
15.4569146611
16.3041936973
16.2863351048
32.4473725622
24.5134637322
24.1612394601
15.7808779894
31.4745457975
22.3297306196
3.56818247092
22.5246097083
10.7205181314
15.4806927741
32.8972770934
16.5448675732
17.2190657024
-9.85267723275
22.0399286607
23.5035335688
1.68813808921
3.49455190502
34.6862177991
16.5173350523
26.4381254864
8.2712954569
25.5243633685
16.901108454
18.4086429416
8.97062338702
16.8104087063
12.4072429819
10.2688459163
23.0798853886
21.4865510674
25.1596387251
20.7091306424
21.8727966182
22.6929867012
20.8849277318
55.9734272278
21.4342585299
16.7529217041
21.2466766938
17.7797123167
23.4273766449
8.53680019445
14.6074574751
4.53278501849
20.4367529641
-14.9132144206
25.9603926847
-4.14282026453
20.0136825754
22.8514726184
15.2578421603
10.2174467884
15.2898570503
28.2783013221
15.4401485839
10.8796731907
-8.19221670178
21.6163540539
20.4716778754
15.5488633055
20.7091306424
20.7091306424
21.741894705
10.6746362472
18.8660648078
33.8054466386
19.0840491689
18.8103600065
1.46042854705
12.6804483246
20.3616677883
17.7704866432
24.7923356486
8.82864168443
29.157657889
19.6481971231
2.54971996437
16.2501741278
20.0136825754
19.6834582681
20.2836387344
21.7736956515
20.1270303091
22.2851722076
19.3758656201
24.0523566629
20.5255068783
21.7008268651
-0.222426154375
21.6930280779
21.8861350748
25.3529409071
22.1291627975
66.0122004758
12.6472595412
27.1333194156
28.0992146116
26.4055379503
28.9483203172
20.1813935567
-0.136908440864
5.49863500417
25.7712717133
19.0431288471
22.5583929538
22.3957180875
23.1180428767
23.1180428767
23.1180428767
21.525750262
26.8422312282
19.518070864
22.3606908194
17.8265274049
22.3808135003
19.9356871256
14.016650578
21.5953674604
0.926973081196
8.89188551391
20.7829952091
4.67024632891
34.5648777756
20.9560966727
23.7977398226
20.1452007976
-4.24746135774
27.7575474226
29.4833309893
10.6442407265
14.6955125403
20.7091306424
24.6575341094
26.233032211
1.68813808921
21.6970948042
-6.41683485495
2.46752120694
20.9194413298
41.0986576712
10.1285534322
22.3945060389
19.0305574513
20.87311063
-8.38623405834
2.09344088914
23.478157536
30.2699387369
22.8640626854
19.99105298
25.4469475463
45.5463081998
25.5005775691
27.2275462018
26.5118627993
19.8662763878
31.2745268383
19.8353087635
18.4445697437
27.8367339768
4.37461552767
25.2055716297
24.1445168391
29.1694181092
24.0888217804
29.1304812517
23.6371335276
19.6617750962
14.3054359412
25.7503709399
20.7091306424
27.3498010733
25.2036353867
39.7738908833
30.3875386169
21.5764912317
95.8027357221
24.1441288771
17.6148792488
5.31312757382
32.5920575082
18.5204831486
14.3685176572
20.4819230724
8.13460248106
24.3282304438
17.6129478915
20.9551003271
18.9094052389
25.9417377912
26.8405413468
27.7748117531
3.239625491
18.4425566565
22.6792503405
19.2481622608
22.8896162496
22.5751208905
4.32546550377
33.1689964471
20.5508984591
24.1327158725
0.459018235615
33.2472678322
20.7077899057
20.1627149362
22.3501872675
19.4649433015
23.7205408935
19.0782476061
46.0219290904
21.6379085364
33.2777392938
20.7091306424
23.309533522
23.9087232049
13.5941992377
185.122904013
21.755195391
20.979331709
20.5804616744
19.9983336421
3.53044969934
22.7244173491
19.777859784
31.1870510783
23.7049077554
21.8026312954
25.3232939273
25.661654388
22.3650951372
39.1176449745
22.5424215799
23.385369722
5.34985700593
22.797616755
22.9650089518
24.3851552686
21.0049615213
52.0636646694
23.4152791027
20.1414236162
6.52443792802
23.9753226851
-0.222426154375
23.0896360578
24.2508828373
14.8823819289
55.2881050093
43.8152126828
13.4670398681
24.1512352829
34.7834752954
