39.6564184529
3.48424599901
23.1720849086
24.1091064063
36.2279341938
20.719140055
20.3293213077
22.6591599594
19.0169351513
51.7017684124
32.2597909347
38.6419037419
21.0986006083
12.7165974055
27.9791254791
19.1552004114
35.092229744
27.8254735964
48.5103761709
25.856367732
51.0179063881
13.342549785
5.24189085672
51.7017684124
32.0845895734
27.5064759346
17.2875817546
5.23994717447
22.4711898669
18.1872956591
24.487983866
10.5266379609
20.887312459
20.7091306424
18.9528891932
18.1872956591
14.6552468582
41.4666673911
6.91659254595
33.9117227677
17.9415221383
36.3561049351
20.0767925216
23.6068647114
16.4503179997
52.4412731272
21.2489398804
20.7091306424
22.662333657
26.2715196925
18.1369788133
-19.4316449074
4.9553688112
25.3165855778
20.579495248
29.1234480517
6.11723581534
6.11723581534
22.8110914413
-3.42886061773
53.188570772
24.2840563145
20.7091306424
20.7271042276
8.17041756101
23.0223057219
33.7992694702
20.7091306424
34.391552294
-11.0131336019
25.558366901
24.487983866
18.9740288739
20.845391272
-6.48801685198
18.1872956591
22.3514294476
22.5600358654
23.2769759651
13.2232950597
24.391122642
14.4933465411
57.2610655191
44.7075197858
19.777859784
24.391122642
20.0987156592
27.530710619
18.7453761532
13.0348253524
35.2845930885
19.3448271576
22.25777519
17.1831861777
53.9335524888
17.5910412217
13.4707080227
25.9260245025
21.3046795608
45.2220541079
16.3179206883
11.3568308316
16.8486853793
19.7751431907
12.8748416737
36.850587677
16.802816432
11.6107316426
21.9874316813
23.0276984764
13.4113408259
21.5150738407
23.1461532057
17.8514752635
51.7017684124
12.7618487986
19.2112565052
16.8162877469
2.78319974225
5.01998836584
26.4131161362
16.8196048878
7.40173975482
16.8196048878
7.81376639633
13.0348253524
22.6953971958
42.5702773246
17.3498302767
18.3115028462
25.359152344
18.0091763024
31.5549653431
22.7164548658
14.4640012371
11.0821675633
14.0865466931
18.0449089452
22.856864728
22.1729467293
4.76621427603
-11.2005092469
22.1399433094
21.627358719
21.0475568356
22.2077000257
28.8108365665
17.4829431651
-2.69726593928
12.7618487986
9.74773700549
22.6873443949
16.0527939541
1.14543273503
13.0069458482
8.30477266583
15.9237931296
2.89583713444
12.8748416737
21.4317948322
26.4729475944
16.4685159848
28.6704625693
22.1720575961
51.3458114309
15.7947618125
14.9246050699
23.2140190638
19.7096893175
4.526273341
21.5657846747
16.0278128016
24.8545203141
16.4941969047
32.3310265181
15.9113302815
29.4576742669
11.5093645626
25.7066226536
23.3408894329
22.3829812997
20.0806102055
35.1156355104
20.2856338452
16.2415598521
106.80602282
33.2777392938
21.0554726843
23.9436971104
19.2900800433
35.0383422975
10.4595488244
32.520456261
38.6760783837
29.9889379479
23.2257775951
16.5922951597
22.387117751
18.4557605932
21.378207039
40.1036867572
41.6722672186
34.9907690918
19.6353310389
3.46144472034
21.6830270769
19.6286755868
18.1872956591
13.4936598433
-8.8399303044
18.5001961608
26.5462761317
16.9957291754
25.9555756542
22.6822572377
21.953516107
30.1274761658
20.151848849
20.3048584805
22.9341530168
24.391122642
8.8812204044
25.0375055659
19.2814647159
27.2554434104
28.9257353152
15.8276814446
20.3483831275
25.9451098885
19.7385754915
4.36408537522
6.75483481202
11.3807084804
40.6424470784
28.2839959328
-6.45900517945
25.3793623618
15.8989093071
8.77059139878
22.1242304788
1.48555699817
11.838709891
22.015747823
12.8379659513
25.5652613088
11.7921289852
20.7091306424
11.0815974244
20.6086739432
20.5483793735
47.0760495677
21.3830044194
16.1710920611
20.5031338747
26.8044946554
-1.01250789473
7.81827217828
32.0426767743
25.1510868726
16.8001695649
-0.967288208413
22.2296730444
27.740008329
28.8495857364
15.0422908513
8.8648861736
13.8708085315
14.6588964278
9.78586457263
22.0308879881
24.546012417
19.8826235586
38.541418513
24.4312465394
4.46411468046
24.3275375212
11.047759957
29.2879025897
11.5894266243
38.3134895763
12.5522283574
29.9764644389
12.9387938942
24.5035716816
10.9083603177
29.0425880429
61.2023355095
22.9507603914
17.1855008323
20.4836443783
8.70720002762
23.6368151426
6.92096889058
34.3308591094
3.17292923091
31.7105031146
21.5460442248
18.1041674356
20.7091306424
13.9300669397
16.1692486942
20.5839200318
16.8956776794
25.3068069068
20.7091306424
-7.35012994848
17.0260784427
18.2670125323
24.0753675015
19.3498816164
21.1544205298
20.7091306424
23.4246816612
24.2692907075
20.3062894858
6.99318620747
21.3252533823
28.9257353152
30.985639292
24.3048976468
49.3788337744
24.0293135007
14.0299606382
21.7501143245
99.1017397142
65.5303187819
27.7936681623
26.8097907485
17.8001921164
21.6365709499
23.3484615724
17.1941598619
39.0705196657
43.7606776068
26.8097907485
25.3367608119
24.5890583238
21.2239611747
34.8024843687
26.8097907485
45.5448754088
24.2323721485
29.5923212214
7.21440318492
5.63323091367
9.81836108867
32.5327890784
26.024218181
17.0279169475
15.993207647
96.4691750955
0.0945214993296
-10.0858604696
22.4787102034
24.6493582596
24.8036051598
24.5658133886
29.1357088359
7.38519812497
91.8135898883
22.1044304721
22.612629284
24.5154160524
15.9237931296
23.8712940978
26.7519631343
21.0722212149
3.97963324966
30.5145563914
16.668620913
29.3101024487
29.3436216971
-4.76027278697
10.3922590409
25.0000997475
22.79994514
22.0263104484
34.7297703833
23.2998534837
26.5572639218
33.5364251101
0.392853936953
30.4942294496
21.4557112577
21.2064502808
27.1457932651
69.0049885131
17.3632856443
-8.33398312945
40.7508159162
22.3644268504
15.9598321494
33.2115803024
24.5099135257
30.9220314899
25.5371761508
16.7302499458
19.7500285461
27.5064759346
18.6977828458
91.6675077602
24.487983866
52.1585785079
12.7768174523
2.81677448047
28.0470096507
32.102680451
19.6634914625
7.98959511783
26.910295876
5.43230536168
-1.99456611338
29.8452636398
29.2672758021
-7.24435553483
27.721834642
16.7789377181
21.3567005007
15.7876294941
9.88579952505
26.1362730715
24.972898347
10.3625745019
11.516499305
20.7091306424
49.16055926
20.7091306424
26.0960183549
24.7690256036
22.4822328593
-0.683834886561
26.4152115031
15.8288657355
7.8522812011
-7.32682456291
8.7728579101
13.298718155
14.8922416611
25.1232545921
5.7560167956
31.0545868498
30.7483709652
32.7523316674
38.6816530258
28.9530132972
-3.25248213975
83.4635499875
20.1778711906
31.5663482054
18.0731227079
18.1944591164
27.6709737284
26.9466964514
27.4065167516
14.6661163368
22.2649399991
17.2326393182
33.1079209474
11.9643710629
34.5966811408
24.2474395639
35.1760157916
15.3039618749
23.3459014026
34.5051979876
12.2203927819
15.9237931296
18.0228622769
15.8328961816
17.8019481764
30.5917118876
29.5042673617
18.2078630231
21.8469523165
20.4324686547
24.5793531153
26.3586103718
31.866868897
33.5738182004
95.789925564
29.1336125557
16.6185221209
1.13072873826
19.2081085267
16.89454
22.3313980861
21.1541669578
6.34274620468
16.2484250139
24.1504854643
97.3486617345
23.99469495
13.7298727122
15.3191802488
94.6913912886
24.6695846011
24.4566952674
16.26513604
9.12681863164
20.0540550173
28.949927536
4.83843948912
19.7334027471
12.3495738236
23.626030025
17.1448887347
41.2846104065
22.1817657433
20.7003457788
11.6642501
45.2436111786
19.6249274012
24.3239789333
50.5393618623
16.6980634062
16.3184099063
13.9400716293
25.3814693855
-13.1808194453
-11.7302053356
24.7160539343
31.0303560316
16.665477139
194.216107086
27.1705006203
-2.79225978737
0.451210126005
18.6403641734
15.6435749834
24.2139029516
20.8054586118
21.0586735434
21.0586735434
26.8097907485
2.36185964862
27.5436293372
6.43173111781
-0.870830917696
55.7533976198
16.6976965981
11.0685090827
11.0011913068
11.3552258003
30.76327259
20.7571096464
23.9697794008
19.3514011661
16.7639894398
10.9332563093
32.4120925526
19.0061491239
11.7420586539
23.5199691624
6.1180166015
11.557687521
19.1063758143
3.22845963606
34.4875364773
33.7125242203
10.9225873492
23.2998534837
23.2998534837
27.0987743196
10.2793328758
22.4109615802
75.1311150793
34.2116347485
13.5822685833
28.3564816248
13.3167910329
21.4636477905
20.9971345646
-4.69818401219
0.977996899216
4.98323057919
10.0529934354
32.6574405493
3.63231424574
30.7483709652
21.0998805477
13.1007506939
-1.29159766237
21.5396170266
25.8413924504
34.9716698826
32.8594859065
31.4000841348
29.1304385916
26.2542221489
31.7780566589
40.0981333431
44.8061903257
9.58389206943e+35
33.6314577999
22.0248485971
8.52575530334
30.56108241
19.2163965668
33.3689287268
19.4422309045
10.401067926
19.8628514655
23.0166615842
11.8720882531
20.5775217718
4.14067578472
5.22118251207
11.8720882531
20.5817552409
13.6032482759
7.91071875217
17.9033851208
10.6442407265
47.0369728286
25.8563174165
6.40856592279
22.018513658
32.9795653918
20.2476148165
19.3163439581
26.3919952714
13.6142162113
8.73228404705
1.92879858256
31.252425076
28.513055073
23.5089914512
22.7586714935
1.30041695945
23.9607887645
27.9759612526
23.5912793487
73.1683483358
-8.19221670178
22.6279954404
27.7651384678
8.51709879789
26.4616555735
20.5817552409
28.2415978679
20.7764563061
25.218712359
53.2335892927
17.8850803894
36.2337080866
18.124935407
38.8753779439
13.8120596678
8.12719361348
15.6592357639
21.4704033347
5.35344904476
20.1093606115
15.8556495814
36.5420476427
30.0578234683
35.1546587415
26.6281087375
21.8864114338
28.4967123285
16.8086754451
18.978038227
34.8730742994
14.2191591523
34.9195483595
96.4039907585
7.51098429846
15.4162850386
19.4159071641
19.3533271062
25.2725773632
23.2998534837
24.3918504457
25.8926342591
11.2417906451
19.7062537447
-1.22036705867
24.9511723903
37.1438315267
10.2726149519
29.6960813179
26.5480734789
20.7091306424
3.86621362713
18.7449494335
11.234711965
9.65720211252
33.7419287509
39.2786427694
17.4925039207
17.1683033717
9.68071833427
