-0.544432727248
20.1777577758
21.0358356379
8.13460248106
24.501785141
24.9667648521
27.2167734435
18.363802537
24.8949158215
57.2670536962
19.5363956143
24.5103890659
28.815360641
28.815360641
-0.76386178501
19.7574132305
17.7132967619
6.54092535786
28.1726847451
11.5500301988
12.519880466
3.9048666865
17.1298169253
17.4833693883
27.2247196121
25.4047692209
16.9995682198
14.8801960565
11.8720882531
14.6863311
6.65250923541
9.38830885878
45.2779347385
20.4421062357
21.3411285011
21.6007541315
21.1993892686
18.0809378969
36.9590275089
33.8707254178
27.9627075268
24.6599554325
18.1869873081
22.9755557452
19.7764075831
16.9293305099
-0.540664660276
27.7651384678
29.1654992296
23.4594504143
29.239019147
16.7740552102
27.0155075585
28.2769266306
14.6372736679
16.6787054006
40.5260070467
26.3121215795
17.0290895249
4.41184116331
24.0505496068
11.8686638881
12.458845057
33.0884687713
25.6521335892
12.2505037069
32.0265786312
21.0998051583
17.481853119
10.3864280221
24.3976788612
27.6365860267
46.4243000114
20.7521367854
8.99445852484
11.559868646
15.0112484231
12.2355667685
13.0099403305
20.6670673671
9.37964472696
13.3869562631
16.1153843571
4.55414914495
16.1153843571
29.4432776818
22.4660763595
27.2764258477
27.5156654635
8.01149064055
9.86442496267
15.9505004593
14.5036342978
27.1331560554
8.13460248106
33.0496452833
27.572325061
14.2575870196
40.3800109278
19.8274272485
12.0947602462
34.2437615536
32.7235780279
18.3132748524
10.0489242513
17.8494300638
283.781687512
-2.37900455959
13.0099403305
27.5384499144
47.7827131161
22.6331830383
29.3310043967
27.8028911083
20.7794023272
30.7025498115
57.9986849681
88.638601004
38.9993229992
27.8478150945
34.0097689298
26.1895141211
30.2773579706
27.3708918932
20.0212323237
18.4177722443
9.56209761517
21.2947954763
26.0244744677
23.8188519447
22.8582081323
15.1651659896
74.3374448724
25.5934678001
28.6990475784
30.0820091351
13.0897092704
36.1469351448
19.5997295403
25.9702144329
22.6110648002
16.1153843571
15.1033416684
31.0697104503
33.12764503
22.9590081176
-5.76531742928
8.58255284366
20.5120027457
20.3206039839
22.6254372975
26.5376325896
28.9885699706
51.818600775
51.818600775
65.6564920848
25.9202273918
38.0196990581
17.9894621325
22.7793979489
19.7764075831
30.0641010101
22.4581162983
24.6588398322
0.63045269717
14.8269118835
26.2824725879
-1.31061212322
31.1422327998
16.1201450266
9.86442496267
25.5038439901
31.584189206
5.09303756493
26.2824725879
34.6347138875
-2.24339459548
1.61211884901
33.9012551108
-3.68382411754
29.8304081656
25.2410819994
8.69533278927
19.3823580313
23.6382859759
38.3498622873
33.5809789725
15.874039844
14.0448867718
21.8727966182
13.6968421415
13.7732267933
22.4767833454
6.0000466617
14.9026322332
32.695709635
21.4756049024
20.0410262184
33.8135697019
28.32251429
31.020962224
23.0741492718
-4.10833111842
5.54190433705
13.6968421415
14.3300009694
25.8553108933
20.7091306424
15.14530567
26.5660645575
-7.2312646945
4.58109512727
20.4687169969
23.1899294522
23.5354004842
27.5653247261
27.5653247261
33.6349912247
29.6475686874
22.9955825667
13.0072216639
13.0099403305
-4.38627833079
28.4067762504
28.4067762504
20.3174705738
17.4430515987
7.26416120526
28.3553188572
18.9115409457
12.7425312916
22.6262014444
22.6262014444
12.9072661528
1.98145596936
18.7593011914
39.9081044774
22.4901966881
29.7264281522
21.2452259156
13.6608766368
25.7625319722
9.74513677131
8.59516133644
13.105892966
28.3988194222
11.5769520345
44.8838563513
12.9072661528
21.6467244473
13.0099403305
6.80010371535
36.3284118071
29.3621721821
28.3553188572
26.8044946554
8.89188551391
33.7815194291
28.0129318685
18.7790033991
26.3941163914
28.0129318685
20.5926250995
8.76752821226
27.8824365498
10.5879903676
10.5879903676
10.5879903676
18.509326877
-9.8257939731
24.8324778617
52.7134130908
25.6432601616
26.3679080811
10.5879903676
30.3019646174
14.2715669839
32.102680451
20.7226265567
10.0714664017
10.0825339937
11.7694900137
24.8489569047
8.13460248106
20.7226377961
32.6027439921
10.6442407265
21.9039553205
30.9559046621
22.8337087076
25.9185271679
6.86185383456
26.7345646466
11.9022459259
32.3074848557
13.1401134324
21.8867043296
20.5622559582
12.4306056578
17.3663321693
18.7431503875
11.7694900137
35.2228547558
-4.84550735499
-1.65899025025
17.3005174372
20.74087353
19.4981164733
15.8945169339
26.2824725879
11.7694900137
22.750833847
15.3933118463
22.2442083552
6.7878052292
11.4831243423
21.8515010023
17.208296349
35.0153801204
10.2656475924
8.32559279875
5.53705564347
8.89188551391
11.7694900137
13.1399726515
8.85391997498
24.4457449133
16.0532333784
11.1646019157
32.5977494739
32.0022494693
22.7730833779
15.217355675
20.5817552409
31.1764240888
30.7483709652
30.7483709652
24.391122642
15.2233629045
16.2202090119
31.6782454678
32.1348016622
14.9239204067
24.391122642
19.2640663404
29.4692289214
16.60795742
23.7488032676
27.1884852599
26.2193626882
-3.14134002453
22.4053064517
23.4429306508
20.9784286473
18.3768787663
24.391122642
8.89188551391
-1.02938052135
9.8941240355
-0.695388651719
9.43168947509
16.1058826417
6.91840369412
8.13460248106
14.4612728745
8.67617013179
11.1769061591
15.4390282896
10.5879903676
43.328202376
16.4855164913
29.962190222
38.3870971405
58.1819191044
95.0816227444
16.3849092229
12.3069797782
38.1932205237
25.4726851828
39.4525492309
-1.05469292669
3.12649275322
15.0695727482
12.5112401458
14.0090954746
10.5879903676
40.1811406657
56.9543266954
33.5349432043
19.4285786704
6.10205499305
28.0067581216
25.7620262212
21.4804148807
21.6428398301
29.1973452825
9.15737152704
7.77501040649
-4.47516425017
25.0504247756
-12.8583533912
29.9443480338
21.3788468308
23.8447704119
1.08819572382
-8.37317373769
-3.56140100661
-15.8969533948
8.61530358898
16.9696543388
8.50461496763
23.3737479114
14.2789748634
30.9128663995
32.520456261
21.2557774578
35.2086507106
28.534905125
30.5634034025
36.5204934565
33.4782629787
32.0670144568
31.5173551583
33.7064520179
36.8351741257
17.0977080091
