21.0183008617
16.9239616511
47.6774708758
17.2464297968
18.3803749272
25.0528035662
23.2548332189
33.8357064078
42.4709766634
19.4947502762
19.2762291123
19.2762291123
23.9147516066
8.85793851862
26.2220224546
21.0445846513
22.6812366021
21.4562104065
52.5659383935
47.7637785896
59.6083741327
19.7596514539
16.8338341483
33.5710840243
31.1033861919
35.5485199376
47.7637785896
10.9782655835
21.4603786936
20.5794480009
31.7144544688
18.6672739568
30.6004583426
21.3295383732
31.3076408259
19.5381949457
31.8995676084
18.5078950676
36.1363035484
14.0113913105
22.4761253853
12.2937367697
24.9848231626
19.9435129835
25.1571390206
63.2103041139
22.8887238565
15.8613560638
28.4248375728
21.2697896218
24.5532390744
17.508034995
22.8489225303
14.7227551444
17.4366684435
15.9034374142
17.271042588
-6.29561292616
14.0433409857
55.5160840466
34.1976852474
17.7514897979
7.31548796651
28.0472861266
18.0106521293
40.9409470396
21.3787441842
24.4860680861
64.7247984722
19.7596514539
22.9118041039
14.8717804002
20.8644908446
25.4453787827
23.4729128245
21.0445846513
22.6322375521
22.6462558452
26.8543128465
21.6784097662
18.9389104573
22.5165933174
18.6740512363
82.5655222072
30.9495849263
23.76416039
26.7833743591
31.3928924054
8.42863040261
25.4963358824
34.608707787
30.5167019479
15.4425969372
22.7902738402
27.4205514652
22.7955050034
20.894114972
24.4902282781
20.5680508087
59.5585766518
24.6547293011
30.0408597581
31.5004948158
33.0528824702
32.9548388719
33.0528824702
32.9548388719
67.5899941803
23.9423337061
15.9820052795
9.05211972701
25.6458364257
21.5554134923
43.5823665451
15.6321971324
27.4928542565
18.6421044276
25.3955394492
13.0254173067
21.4876219434
21.6376995144
24.5858474232
61.626517119
9.96360454199
24.5452396791
26.6506544032
3.8835192892
18.9164859285
25.6109291666
19.685529481
19.7694993467
15.4142941429
53.0804680477
26.5209357269
23.6380282246
29.7753905558
19.2875083996
14.3718078163
42.0470026996
21.3224743117
6.22354007614
22.8372272433
20.3888169531
22.9846943916
10.1003660203
15.5139402592
20.617642144
35.6516596931
13.7690136686
21.0445846513
13.3846730862
3.55297859691
14.6580752204
23.1487611606
17.7368258985
23.268946621
23.8903353071
22.4643704368
25.4890258115
21.3367310337
34.152614179
10.6359910171
22.5571792943
11.4274085796
17.3420158719
26.3897141254
20.7229544433
61.2763139232
21.0331874736
28.2577471703
24.6918389094
39.8572476441
26.4758757719
19.6330699563
20.2343024321
20.5544215338
16.1280894512
20.182741124
36.2020844868
44.4481136
21.9701870206
24.5295537008
35.7969744168
22.206282662
27.1666231597
30.4046400119
17.4762769503
22.1315836821
21.1570140654
31.2018833433
23.7656951148
24.8554968349
20.7373114596
18.9861212693
21.4188228705
24.9877362574
21.8699060733
8.55266508458
24.7693842314
7.35032632969
21.26955352
20.2974899756
23.0147915262
23.9609060981
7.20690849606
60.987565911
16.3107987257
16.7356670769
19.7596514539
26.5501030214
23.0543706417
11.1548155215
23.3240101323
21.3095707496
22.2966602715
68.7255373154
27.5375872463
22.1260873852
5.07915243298
23.451744316
57.7905876454
59.5585766518
22.2966602715
17.8897085507
28.5322269168
7.99104391947
10.6000347806
16.9589977532
8.86980106482
26.7516846615
21.1470401474
18.4983732264
25.5739347493
17.2013606327
42.3619016234
48.3767210038
24.475843392
27.1139629019
27.4732101524
25.5739347493
19.6404279321
21.8076727599
26.5913866151
15.9394782933
25.0220945615
21.4728279021
28.3578343512
25.5739347493
21.0445846513
21.3849290495
9.41378457177
21.4661488548
21.6250414519
16.4855743442
19.3547415141
25.5748652292
21.322926443
9.75062618388
24.197599958
21.3295383732
11.3241719975
1268.0364004
20.2343024321
11.1120513658
22.5321748358
20.2343024321
21.5554898141
-0.237674865338
3.22517909341
25.9133079669
42.1954534016
24.2587911987
22.5988674556
60.3564733473
21.9701870206
22.3422809723
20.2343024321
17.5787924061
21.1887580605
30.7155071294
21.471601282
21.1099386489
26.3091805933
25.5739347493
27.1139629019
9.84710039109
21.0445846513
26.3291465219
20.9903325376
24.9316245172
29.800758425
25.6116534613
5.32006105412
20.1629680982
25.5739347493
8.75215547349
15.8525657281
19.7596514539
19.7073969308
33.5157607717
9.21650073401
7.58510106212
2.4418008264
57.8945147699
21.0445846513
24.1102411062
2.7968724382
21.9998202145
32.5810767861
24.4163397688
11.038435672
10.7517185696
15.9034374142
8.46075549448
18.0765500026
19.2419067562
20.7052702142
18.3625329639
58.8487641092
33.8256036689
21.4405184711
19.6905560974
21.8815921447
7.10232105022
10.3930483387
-1.12002184865
25.5031653168
17.9808837327
8.40637588114
12.563230591
18.7286626181
10.6743895644
23.656926383
23.0618797679
22.5321748358
30.7714940313
29.7103243871
25.5739347493
16.4716241949
20.5794480009
16.5208394817
25.343110124
21.5933921226
20.7091306424
21.6470164161
31.1250797051
20.3656210456
21.3575892145
29.3915532242
25.6267205819
21.26955352
24.1620439503
21.8281098234
23.8056482213
17.8688344145
39.201493919
21.6845955969
28.387103413
-5.76531742928
22.9792870798
22.1545348178
20.6174229566
17.6564866692
18.8071890281
18.119343775
22.3907270987
20.3114824783
23.6987858409
34.3704836216
23.1983887781
39.0025560586
21.1851283637
18.0702538257
19.6793774576
18.2467917471
21.6250414519
23.2802549098
20.9924217574
32.5508328152
20.5794480009
21.9983368401
24.8486939684
19.4146635677
30.4999333525
21.949259059
14.6529287713
21.4025540238
24.9286275199
20.5280006454
13.6628648928
21.5931932066
21.1509737063
27.9435680138
21.9115109638
21.0445846513
19.5705966563
49.7717847869
22.3128737614
32.9396455558
25.1156817335
67.8133565425
21.4562053394
35.2560983505
12.2544710148
416.897241489
21.9564128726
20.2727263849
13.5585966698
31.1250797051
23.4142918453
29.4147946231
30.7777164896
22.680940377
32.7110480174
31.1250797051
21.9690881611
18.2582907052
26.2747499638
34.3704836216
32.5769987627
26.214020657
31.7243730277
22.8453453876
21.8194445922
0.236664948338
32.9145766305
28.7720797391
17.4498256207
23.3673865985
19.995965678
13.6794210746
23.4733929491
22.2240284072
27.1139629019
2.05132928912
15.8439403053
19.3506210928
14.9863983049
16.422949643
11.2010959735
25.0430386507
10.1800402513
-4.32881267415
13.0566413725
19.9555656447
53.1475070803
22.8255626119
28.4873311641
22.1156745542
21.6207606069
19.0782124775
8.36619025692
21.9701870206
20.5817552409
412.697666083
22.5162577241
24.0530169534
27.2293891951
26.958562589
26.956694476
47.3458388632
-14.3520491534
-2.84413532199
-2.77710336505
4.45006901593
54.2484210611
54.1404440253
-4.77718630092
32.2146285317
35.134898773
32.2146285317
-0.940444387479
21.1363566244
32.2146285317
34.1038510555
3.89513988456
0.851044975459
-6.84862896775
23.4873491066
-2.46097742256
51.8848898808
1.74408851115
-3.22760280418
32.2146285317
59.1820897553
33.3741613213
24.9997619493
18.1970779661
3.10263372771
33.9126955181
23.9741555317
32.3502966454
36.9552099868
6.34053187176
1.35530671742
30.0447662256
25.5739347493
15.9034374142
-3.66865351373
-3.83014293085
16.603289032
14.0200796746
1.16928025152
-1.17486309899
51.8848898808
-1.95105072198
18.0581889274
55.06326156
0.856939839506
2.03476960357
51.81431065
51.8848898808
5.70780282314
32.3502966454
36.9552099868
126.403029672
-3.8018450017
27.1461926583
5.58403611196
22.2707653177
23.1638930099
13.8098522964
5.39279346397
23.2732164033
19.9172342195
-4.55438435803
53.5032237511
33.1828137866
50.5392118088
18.2797092656
19.7722363557
87.8409664139
-2.46663405722
24.3019893483
26.2638847148
51.3205611996
-5.6255119045
23.4106410488
0.920975725912
28.5910150913
-1.42955765675
-5.29652184183
29.79315265
52.0786396009
37.4555555066
0.0550910250246
32.2146285317
16.8939715052
22.4417661285
-6.51361493671
30.5989599815
17.9828932518
-4.53234604165
26.4252114107
17.4659381588
17.7730912174
19.5328535202
-3.76072403919
22.8881837781
12.5951850184
23.8369547594
53.0158845478
28.2141381786
37.5863305015
24.3019893483
18.4389572075
37.025951734
3.74129052891
21.0445846513
19.7596514539
17.6864180399
21.4661488548
17.7109512931
-1.82978269978
8.0538891201
-1.37420947457
53.2519373401
22.1005968856
22.6745478383
20.2512574365
11.1558346496
32.6389026453
16.911429476
23.659492396
9.83025364511
20.8895037243
21.286455757
19.9555656447
43.1986172962
11.8553054807
52.1604595408
21.5181339466
23.2277264202
11.3794393103
-3.00795628751
22.000079802
13.2556707875
20.7992283822
12.2531891216
12.3835246391
9.10043581226
22.2634475781
20.5700691663
21.5181339466
20.7128486776
26.1268198391
51.4590779337
16.2607801256
17.0082742927
23.6708808277
18.9641938843
4.68769455525
3.31315136456
16.8073966345
9.02300885556
29.8312731004
20.1696913494
25.3440752788
21.6022384257
10.0935508508
18.534625216
-0.126255920353
19.3250786592
15.3608353245
35.6114396069
34.852545537
2.84512939717
17.7156418492
-3.78275938261
29.02597919
22.6354110156
35.6699811044
-2.69084574984
12.9051090061
22.6354110156
0.165731515312
23.3110211284
23.822844581
24.7906038241
18.7369021793
20.7091306424
27.0552481238
9.10559854218
7.59540214313
5.20116486924
-0.0012195917058
16.7639894398
16.6123105686
17.2368946633
9.90814162204
14.8194642522
67.8652751038
19.6382468118
15.0965267498
-2.51528804296
17.8626371874
6.17650546365
20.4456622907
20.7290771073
16.78318456
24.7906038241
-0.214879141212
6.82571793978
10.3094352883
1.6496222864
16.0464299863
28.8914847685
11.718636658
14.8194642522
19.7801547853
20.4414999458
