0.912157577952
1.6496222864
-1.67451419888
13.5005212658
32.2662078192
8.39136376221
1.22358894046
21.7590965262
-1.64126194011
21.0870683747
29.4963978667
23.0911236008
24.5711345506
23.8816651269
17.540771013
22.7703290609
23.7532719067
8.58255284366
14.8194642522
35.2341395419
3.58006437527
-0.396296113008
21.3906960067
9.85167604511
18.0093222852
24.4734763101
53.940345625
27.4065167516
14.8452348008
53.7877997675
53.940345625
18.2990729561
23.5140147494
25.780986425
52.4538418335
27.3551926502
24.1672530151
42.4293702943
-4.06917767954
2.7521991775
17.5536751879
208.649717872
-1.34775561347
3.24807655674
21.8267200704
22.0015992126
13.4031963483
-0.424575542919
24.78789607
-1.90959342786
53.940345625
51.6783434696
52.3853096566
53.2379290695
52.4803440597
54.6976286579
52.4356265025
46.549349822
50.8578889611
20.5812552365
19.0839625423
25.9683809952
51.6376631307
24.6907533627
65.9900230053
56.5070698844
50.8628937166
55.260777129
52.0738842917
52.2821317233
-1.20240652271
11.8157030054
50.616904313
53.1148035881
32.0055174643
53.2783074315
17.5613403535
11.7694900137
53.7728113343
54.9328166289
11.3119399573
25.9447728334
50.1953530606
25.4129442575
27.5486597082
53.3615201139
27.1106988944
25.5005046567
59.8571951431
48.9267058311
53.9968917407
2.10968856763
8.95723571305
41.220639013
57.4949782326
11.3119399573
58.7571385542
3.05485016493
16.7247995922
6.82032155568
6.32415467987
-3.28023169345
8.96676546985
15.9868243824
52.3809912899
46.8402991465
23.1116829478
20.1590149195
12.2182945645
52.4356265025
0.970199196163
26.6214642516
55.5383003303
8.41942945891
-3.94304469952
8.79627750284
15.3903885959
-0.293970901194
12.2501973318
10.39606926
12.2501973318
12.2501973318
10.1715724121
13.6204126777
13.6204126777
13.4852537261
12.8339001887
24.7096228158
9.80601733203
56.713738856
10.3723912277
21.1998600965
5.46952605718
20.2259430732
25.860050751
53.5911938478
17.5817537469
57.3671829694
12.1676175877
17.5646796674
13.6204126777
8.75019251719
53.940345625
