20.2118897167
18.2686381815
21.6883603581
18.3535071672
23.4733929491
20.1433254576
15.9034374142
51.8848898808
8.13460248106
10.3804243614
24.9417531493
6.346049496
1.37815972053
11.5633936731
25.7249250598
20.0872456125
8.13460248106
28.0303406773
28.6694393571
79.2549624477
28.0303406773
26.230003989
30.0144169851
30.2751691282
30.2573429039
41.476787451
27.5945824807
28.0608855374
53.940345625
52.810361939
-0.543530324942
11.7794196187
153.854818056
39.9604659584
28.0303406773
25.0991066942
8.13587137409
7.69014515637
23.1455655213
7.24067453659
-4.66277404556
20.3174705738
29.8366691431
12.3336429485
19.7160794513
5.94412912274
29.3073290371
1.37544996697
14.8401920313
27.9658426038
26.3312177822
2.06883058368
7.02276170061
7.02276170061
11.7039140806
7.91114266979
23.2304352794
20.8908766412
57.013987223
26.0554301184
9.37170348582
17.8617962105
13.1707494293
5.26503483837
6.11742065311
22.4939061883
-8.69229509927
26.9120918211
16.5903346294
124.922990949
28.0303406773
30.7066289031
5.89655445319
18.9588720387
5.20714897229
13.9476861275
10.5315273225
25.5662042972
34.7775209101
19.777859784
37.3831672069
18.5493460398
33.2393867416
34.7023136953
43.471627235
28.5827503247
19.777859784
34.4449467925
42.2800746873
34.087305049
24.3704355535
21.4844436497
19.5038395996
19.643081709
19.777859784
27.484314835
26.3330941352
18.3486098232
21.2407867377
31.3641741959
9.37170348582
21.7821246684
34.2587613467
21.7806787032
22.0485232565
21.3042287842
29.774575814
33.2393867416
20.2721898615
20.9545430129
14.8423235082
21.3755066404
29.6825914783
19.4273469924
28.1123655712
53.8880688144
18.9386523827
53.8880688144
20.160176061
21.5277730587
31.6629952391
36.7831444975
25.5738547782
21.5220101321
30.1135757411
17.0390980623
31.3641741959
33.3163273179
136.404140903
27.2339689974
19.8614491429
14.4949839779
19.777859784
21.3623811727
41.0043956982
8.46559984016
18.6902619756
20.466900627
3.97640940045
22.9176179264
21.0445846513
24.888339064
2.91374099303
52.8186645501
11.7948027801
31.5871501214
22.2554396303
23.0127226632
23.0127226632
12.9127555648
19.897469527
42.8523531138
20.2759294784
21.8471665269
23.1022524472
8.13460248106
10.8869014006
25.9274167067
29.6642837213
24.5814880903
