23.0127226632
18.804233802
27.4927845269
12.8482705021
7.26751899898
12.549770209
10.2723698032
7.45228448139
31.2169905233
14.8519748695
25.4844743234
19.7861559653
21.252894674
15.2796509376
32.0436083077
52.5523840772
11.2758803404
21.252894674
8.89188551391
29.355685847
6.73269442103
23.6665220651
20.8795998912
24.9396232817
54.4651787663
18.9509696525
17.2342247855
19.4345754931
16.4769417527
15.9015093228
19.4696697555
182.876926648
19.8976426177
42.8768622278
43.4684398741
12.9140868758
18.7564736573
15.0709846068
18.7564736573
12.6913605469
19.8161673749
19.9513987945
19.9406313896
20.7550849493
22.0828574224
20.393717789
20.5799900143
17.5918915715
18.3574017222
18.7564736573
22.937878397
19.7940473278
19.3452441748
22.3915535094
35.4787954017
19.4875761764
22.541472097
17.1400854465
18.7564736573
21.2347505283
17.229579152
9.52830238873
8.13460248106
26.8044946554
26.1082914287
20.4670312445
20.1499375587
16.0698525083
18.054240415
20.0149844545
13.2209935609
22.1809419535
38.4251031533
31.5056539981
27.932275755
22.9504115886
21.0480742958
24.2885495521
16.077190306
8.31064962214
16.7043295019
19.4991168161
18.8157066152
25.358206376
21.252894674
18.7199049763
17.401682583
21.252894674
16.4846339269
20.881009182
19.2141819034
46.9836787166
30.7949192217
20.0629350537
22.8709404521
25.4636105955
20.1452210154
19.1012868715
17.621809372
111.679221336
20.1062339294
30.3927335854
19.8815384145
23.6128176292
23.7408372412
16.2300771205
22.7060577267
15.874039844
18.7856646123
18.7856646123
22.2079588658
21.252894674
21.252894674
37.1519662708
23.7153522154
16.2296066131
54.1920572445
19.5429476452
18.9482875127
38.0432008238
18.7101414534
22.4102506977
12.4554151982
27.1139629019
20.4749802497
32.148895377
-9.39835249477
16.8816973589
21.0360954696
15.0628517333
21.0360954696
21.0360954696
35.3059493988
21.0360954696
21.4268607702
35.4205071295
19.5137566902
25.4890258115
22.7323537953
16.8206613874
27.1139629019
23.2485319138
