19.2773771429
20.6839637557
-9.19370967144
-5.9595501515
17.6501115032
4.19990103792
8.15960228982
32.3444331543
22.4166682088
19.3213983613
55.1805502286
7.95962720315
18.2935658536
18.5935618446
21.0445846513
19.2773771429
20.2006693577
25.0230183847
16.2300771205
30.7240901981
16.722059724
20.1554789307
14.1822351943
21.8838086793
23.5491513536
22.6820524339
11.507600415
1.46503655187
36.1470721952
34.7441727866
15.4202127774
50.9400447713
17.6313928729
20.2123934548
-50.2258520558
3.18657281559
52.1229015295
34.3966199682
21.0360954696
15.0628517333
18.9090679649
27.7693437899
8.13460248106
1.6496222864
19.3958397875
35.4205071295
8.6298181696
19.569356761
37.0554786585
29.1834396809
31.3324939392
290.751880321
19.4827535384
9.33127488536
