3.14567211735
9.71532248176
0
0
9.71532248176
-4.18330243705
-3.55281244215
-1.65204826276
-4.76409477556
-0.919069299497
1.30520994117
0.174898212238
-3.01916962867
2.2119684125
2.2119684125
-2.0132979807
-1.20985704739
-4.18330243705
-5.36745486441
-1.41826687946
0.419455010712
-8.75256251906
6.09748879266
3.62160114379
0
-8.23811457961
-8.23811457961
0.256581851761
-8.23811457961
-5.26976153978
-0.76386178501
-5.17828379298
3.83583846841
0
0.057277094162
-1.37531092432
-1.39455086817
0
0
0
-0.300330707964
-1.62368450529
2.15205805076
0.270068162527
5.01480949249
9.87913578793
1.05366785646
-0.523062816088
1.76224752089
-7.18088989755
4.10517194375
0.288877758688
-1.70181772564
-9.90415340911
3.09607760554
0.698081262645
6.65240521616
0.899703278016
-0.407602824452
-1.66208708569
-4.84377544107
-3.18549047988
1.3980427175
1.26293915538
2.2668878595
0.93428966509
-2.10858086346
0
0.899703278016
-1.17013864798
0.031623168471
0.899703278016
-0.781335991801
-4.84303057606
0
-4.18330243705
-1.64931414761
2.9393605944
-7.29374633726
-7.29374633726
0
0
12.6284652383
12.0141111008
-1.62368450529
-0.562452013054
-2.32608237058
-2.32608237058
-5.09992170818
-16.9515342894
-16.9515342894
9.87913578793
0.899703278016
2.01187267631
-0.459983535107
-0.014356479704
0
2.36263023172
0
-2.67130575974
-0.343231042993
-1.93354012035
-9.90415340911
-3.13728507958
-0.784723577216
0
1.12990342281
1.10758703921
-1.62368450529
0
-0.913850839779
9.87913578793
-9.54461494691
9.87913578793
-6.76178147022
-2.29853727153
0
3.02868543587
-0.669919520864
-3.97588666366
0.899703278016
0
-0.947022369357
-3.9105211657
1.55340020274
0.390940860365
7.16806673418
-0.417397957783
-7.29374633726
-1.65219793461
85.520220472
0.899703278016
4.16777393167
0.899703278016
3.40934152347
0.899703278016
-2.24650329293
0.899703278016
1.24934425861
0
-3.45436593088
0
0.265492721515
0.834054350061
-0.804417342778
0
-2.25988452603
1.05680816895
18.0546795827
0.015517083383
-2.50221276335
3.59421351737
-3.80850268063
0.009682047631
1.21801240077
-1.93680158871
-2.87220075704
6.18090942927
-0.35175161787
0.146116511726
1.05663691166
2.66270056641
5.96418044747
1.29271609032
-2.21091199728
0
-2.17480052415
12.6284652383
1.24166331522
6.04438471663
-0.819127615341
-1.19914407465
2.78822116727
-1.0674540392
8.56985987761
-7.26983530977
-7.26983530977
8.56985987761
3.39645377131
2.94785428437
-0.32138234272
-0.386219404064
-11.0276605887
-1.01574124977
-0.570708123573
0
-0.870841804278
1.52552153393
1.88309614927
-9.60249622768
-5.47078641747
2.05277642982
2.52132433228
-7.18088989755
3.06039078189
-1.94752587292
6.74131516037
-3.59681659978
0.257443695353
0.977936628662
0
0
6.62272821183
0
0.200778013879
0
1.24166331522
-6.04601293243
1.80132933368
0
-1.93680158871
-0.630652492416
10.2120729003
3.90304739927
0.178567346826
0
0.617225536788
0
-1.93680158871
0
0
4.15719852066
0.015517083383
3.71162603972
19.3710882538
0
0
-1.17537804468
1.49227848513
0
1.24166331522
0.904365524763
-6.04601293243
0.244135665669
0.015517083383
0
0
0
-0.462413419515
1.21801240077
-1.09099253457
1.24166331522
-4.52807916647
-1.0674540392
0.015517083383
1.24166331522
0
0
-1.0674540392
1.21801240077
1.21801240077
-1.93680158871
0.899703278016
-1.79938448539
0.146116511726
-2.15460080478
-1.67560333975
-1.67560333975
0.015517083383
-4.20589915545
-0.376719577149
0.498306735225
-10.219635341
0.015517083383
1.21801240077
2.63353574416
0
1.24166331522
0
-1.0674540392
-3.54109387265
1.09725375673
-3.13142652833
0
0.015517083383
0
-7.62064509018
0
-1.79938448539
0
0.015517083383
0.561546966436
-2.38192851583
1.21801240077
2.53849971919
0.899703278016
2.73432028045
8.35500858805
-1.0674540392
-1.23688050332
0
0
-1.23688050332
-0.235775709201
-1.0674540392
-1.0674540392
0
1.23124866021
1.23124866021
-6.04601293243
0.984993288456
0
-0.18730307349
1.24166331522
-4.07794165765
0
0
1.15900913506
-6.0218807625
-7.57336956955
-1.25479891596
0
3.42501342915
-6.15412280953
0
-1.42437976933
-3.02045548762
0
3.09111318982
0
-0.992481023682
0
0
-6.78105657788
1.24166331522
0
-1.0674540392
0
0
-4.08815772553
-12.6082825745
1.75227589227
-6.77659225378
0
-4.51158315519
-12.7064295224
-1.12681934796
1.2601579312
0.956966879143
-3.72205218437
-13.3819503071
-14.2816535851
-12.6082825745
0
-4.64704300874
-14.0168108472
-0.529000123283
-13.1171075691
-13.5079858525
-13.1171075691
0.026148693086
0.972712428596
0
1.02182232021
6.84818707905
-0.291350646295
-1.17491639704
0.970603023627
-0.460572327261
-13.3819503071
-2.78922369746
-1.88952041944
-0.394485569098
-1.27711904891
-2.00214260486
-2.00214260486
-2.00214260486
-2.00214260486
-2.00214260486
-14.2816535851
-5.05636479308
-3.43543481924
-1.98338843606
-1.98338843606
-0.648926963111
-6.73315515881
-1.44496988364
-4.56950742905
-4.56950742905
8.78638913144
0
0.392842548061
-3.72425330825
1.33675542084
8.89748973652
8.89748973652
26.0822735326
0
3.18181262266
3.18181262266
-13.5079858525
-12.7224951703
32.1280064062
-0.289904563242
25.1286702035
-1.49290791996
-2.21290842139
-3.18971432146
0
0.174338566382
-4.57953685147
29.8977424577
33.5694863339
2.75003759842
27.0931430041
-2.00214260486
2.33221059651
30.4972978149
-3.69901065062
29.8977424577
27.0931430041
-0.494669314036
0.435754658049
0.115947246974
33.7212110717
0.435754658049
0.435754658049
6.5323056062
27.0931430041
31.1557779634
27.0931430041
0.435754658049
-1.33279210979
27.0931430041
0.435754658049
33.2512357685
27.0931430041
28.9833941678
27.0931430041
30.8152635723
0.956622989333
29.3835853019
-0.324534174969
-6.57699753565
1.82396790428
26.4909369764
0.956622989333
-5.04826569558
27.0931430041
27.0931430041
0.435754658049
0.435754658049
-0.442875621276
27.0931430041
27.9476992204
3.97448348339
0.435754658049
30.4972978149
25.1286702035
30.2261370261
27.0931430041
0.435754658049
29.8993012015
0.435754658049
33.4267104617
27.0931430041
27.9928462821
0.435754658049
27.0931430041
0.435754658049
27.0931430041
-2.55908551662
0.435754658049
0.435754658049
0.19060402105
27.0931430041
27.0931430041
-3.16616024312
4.06858175813
4.06858175813
-0.324534174969
0.435754658049
27.0931430041
30.9090783504
0.435754658049
25.1286702035
0
1.17105293226
0.0473551163116
27.0931430041
0.435754658049
0.435754658049
4.07688096577
0.600359845559
0.843182895993
0.823082920237
0.435754658049
-0.442875621276
27.0931430041
-0.324534174969
0.435754658049
0.435754658049
0.435754658049
29.8993012015
27.0931430041
-0.463948619967
1.82396790428
27.0931430041
2.3717580181
2.3717580181
0.435754658049
1.82396790428
0.435754658049
1.28907824406
1.45823979396
-1.39613794097
3.24233064556
7.80877249536
29.5331378398
29.8977424577
0.435754658049
27.0931430041
-1.05937084008
-1.05937084008
0.435754658049
-2.87021928495
0.435754658049
2.50673076558
0.16814324325
0.435754658049
1.82396790428
0.435754658049
0.435754658049
0.40503396398
1.82396790428
-1.02388039962
-0.442875621276
-0.494669314036
0.435754658049
0.435754658049
0.435754658049
27.0931430041
1.82396790428
0.435754658049
3.70687920473
0.435754658049
-0.324534174969
1.50847188075
0.435754658049
3.29633619358
2.03788909687
2.03788909687
27.0931430041
28.4838820239
0.435754658049
1.50847188075
25.7595245231
33.9592823022
30.4972978149
-2.33506997224
0.40503396398
1.92313838257
1.16231699683
0.435754658049
-0.324534174969
0.874992238424
-0.442875621276
1.03801079478
-0.614308802776
1.9377140728
36.7557704113
-0.0545893274644
-0.494669314036
-0.494669314036
-0.442875621276
29.2740911408
24.2931724373
29.3149813496
27.0931430041
-6.11551581349
0.19060402105
-1.61006878599
-0.176909897493
0.435754658049
0.435754658049
-0.324534174969
0.19060402105
-0.324534174969
40.2873434527
31.8139991664
1.69047465592
0.40503396398
31.0947585172
0.874992238424
5.43153099587
0.631539701923
-13.5079858525
-0.442875621276
0.874992238424
-2.4962525463
0.874992238424
-1.33176752476
40.058010699
0.435754658049
-0.324534174969
-0.324534174969
29.8977424577
-2.50366809063
-1.08885139298
-0.54348473118
-7.56825797716
-13.5079858525
-7.56825797716
-3.59938516292
0.956622989333
0.502093223501
-1.82507555384
0.435754658049
27.0931430041
0.874992238424
25.1018502722
0.435754658049
1.82396790428
-0.442875621276
0.435754658049
27.0931430041
24.8015368468
-0.324534174969
1.82396790428
0.947887053897
3.3985517439
17.4001620768
0.874992238424
-0.570134828601
1.82396790428
-0.442875621276
0.435754658049
-0.494669314036
2.85107348538
1.69047465592
11.1712923822
11.1712923822
0.19060402105
0.19060402105
27.0931430041
-0.442875621276
-12.5508084678
17.8810301176
-3.26050726946
-0.91656568098
-3.79418404334
27.0931430041
27.0931430041
1.48349663997
-0.324534174969
-0.494669314036
33.3197095116
0.752813042943
33.3197095116
1.82396790428
0.19060402105
-2.24667608936
-0.118511708014
1.17105293226
0.538455626461
0.435754658049
0.435754658049
-0.324534174969
-12.6082825745
1.69047465592
0.40503396398
1.82396790428
1.01859725912
2.85107348538
33.7149739326
0.874992238424
27.0931430041
0.40503396398
27.0931430041
2.85107348538
0.19060402105
0.40503396398
-1.4845700284
27.0931430041
30.4972978149
-0.442875621276
0.19060402105
-0.324534174969
1.17105293226
4.79805135354
-0.88001131199
32.880319445
27.0931430041
28.191154018
-1.21925534438
0.19060402105
-0.324534174969
0.19060402105
0.19060402105
-0.442875621276
-0.494669314036
-3.26050726946
1.69047465592
5.65771742125
0.40503396398
1.82396790428
-6.52365727302
0.435754658049
-12.6082825745
-0.442875621276
27.0931430041
30.8160535904
0.19060402105
1.42482585905
28.4104283078
0.19060402105
30.4449050991
-0.442875621276
-0.442875621276
0.19060402105
0.19060402105
27.0931430041
0.19060402105
1.43292320698
-1.22148836465
34.9795362316
-3.26050726946
3.27749948966
-0.442875621276
-13.5079858525
0.19060402105
0.435754658049
-25.0212588398
1.9377140728
0.203388462326
0.435754658049
1.94605055365
22.9175884357
0.298776326397
-1.82507555384
-0.324534174969
1.35424297378
0.40503396398
29.4661951978
0.435754658049
-0.324534174969
-0.91656568098
-0.324534174969
-0.324534174969
-0.324534174969
0.435754658049
2.82786270354
-0.324534174969
-1.22871965952
29.8977424577
-1.82507555384
5.4731297891
-0.698287882431
0.435754658049
0
0.19060402105
-0.324534174969
-0.442875621276
-0.442875621276
0.19060402105
25.2937405404
-0.324534174969
0.19060402105
0.925598274652
1.82396790428
0.19060402105
-0.494669314036
2.63664354245
-1.26861045129
0.435754658049
-0.442875621276
1.82396790428
-10.39291666
-1.82507555384
-0.494669314036
-1.14827696715
29.4661951978
27.0931430041
-0.494669314036
-1.22148836465
28.4240609054
0.962687738358
-0.442875621276
0.19060402105
0
0.19060402105
-0.324534174969
-0.324534174969
1.43292320698
0.19060402105
-0.494669314036
0.19060402105
-0.442875621276
0.19060402105
-0.442875621276
-0.442875621276
-0.353706404241
-0.353706404241
0.435754658049
-5.49442367148
24.9068538308
1.82396790428
1.17248749486
0.19060402105
0.82289774134
12.3927588409
1.82396790428
-0.442875621276
0.545996873775
-1.92122293133
0.19060402105
1.69047465592
1.86345441095
-3.04140347003
-1.9308752605
-3.0510557992
3.49544336556
-0.442875621276
4.36668146019
-3.04140347003
-0.442875621276
3.06977221566
-3.04140347003
-3.04140347003
-3.04140347003
-5.53962647527
1.86386473347
-0.593542322499
1.86386473347
-3.04140347003
-3.04140347003
-3.0510557992
0.19060402105
-1.56184429363
-1.56184429363
-3.04140347003
27.0931430041
0.19060402105
-0.442875621276
-3.09349746418
0.545996873775
-3.04140347003
-0.494669314036
-0.324534174969
2.94628768205
3.40611694111
-5.53962647527
-3.04140347003
-5.48014705194
-0.442875621276
0.19060402105
-0.324534174969
-5.91744006626
8.11676665918
0.19060402105
-0.442875621276
-75.0437377241
3.06977221566
-3.0510557992
-0.324534174969
-5.53962647527
-0.324534174969
0.40503396398
-4.89807560443
3.06977221566
-0.442875621276
28.4838820239
-3.04140347003
0
0.19060402105
-5.53962647527
-3.04140347003
-11.370864004
-12.7244148195
-3.04140347003
0.19060402105
-3.04140347003
-0.413706795752
-5.53962647527
-5.53962647527
-0.324534174969
0.545996873775
-0.324534174969
-3.04140347003
0.19060402105
-13.5079858525
-0.442875621276
2.07879230716
-3.04140347003
-5.53962647527
-5.53962647527
-3.04140347003
0.19060402105
-3.87650977723
2.63664354245
-5.53962647527
-3.04140347003
-8.09650547066
-0.324534174969
-0.494669314036
-4.25434163561
0.664809233731
6.18911970918
0.299419758092
0.303774377722
0.47857612554
0.47857612554
0.569450870685
2.50963824545
2.50963824545
1.37827940356
1.82396790428
4.45736851969
-3.73481542728
1.37827940356
1.37827940356
1.37827940356
0.170189916251
1.48053387296
1.52637257754
-0.494669314036
5.24092697482
0
1.37827940356
-2.8459235238
1.37827940356
1.37827940356
2.17260571887
2.17260571887
-0.583507270011
0.40503396398
0
1.24198383479
0
0
-2.99109026694
1.37827940356
1.37827940356
1.37827940356
-0.442875621276
0
0.23109830876
0
-0.186891018158
-0.186891018158
1.98296596887
-5.53962647527
0
0
0.545996873775
-0.324534174969
29.7549542125
0.545996873775
28.8692329003
0
27.0931430041
0
25.1286702035
33.760462099
0
25.1286702035
-0.496434662954
0
-1.46614062663
0
1.37827940356
0.19060402105
1.37827940356
1.37827940356
0.545996873775
-1.37470607933
4.78546445694
1.37827940356
29.8977424577
34.3952201873
34.3952201873
1.37827940356
1.37827940356
-4.25434163561
3.35729375432
1.37827940356
1.37827940356
-4.66170917839
1.82396790428
-0.324534174969
1.37827940356
0
0
0
-1.22554031243
27.0931430041
0.19060402105
0.936191608056
34.3952201873
33.4955169093
0.201742237748
2.76901842333
-3.99320924818
1.37827940356
-5.48014705194
-1.11398281376
1.82396790428
0
0
34.3952201873
1.37827940356
1.82396790428
-3.8124441413
-5.48014705194
0.19060402105
2.17376136266
-6.08579410748
-0.442875621276
-5.48014705194
-0.0626314173214
-0.442875621276
0.569025292553
1.37827940356
26.0822735326
-6.81123426026
0
0.114778153102
-1.06118909232
-1.06118909232
26.7733474144
-0.324534174969
31.9701239018
-5.48014705194
1.37827940356
28.8692329003
27.0931430041
1.37827940356
30.4972978149
1.37827940356
-3.18791758456
-0.223439476149
-0.223439476149
31.3289995759
-0.442875621276
0
0
0.47857612554
0
27.0931430041
28.8365131113
1.37827940356
0.038417954992
0.038417954992
27.0931430041
-5.48014705194
-0.853828299472
30.7085575415
0.19060402105
1.89510629338
1.49178413275
1.49178413275
33.4955169093
25.1286702035
-3.965275754
-3.965275754
-0.442875621276
-0.442875621276
1.37827940356
28.384193436
81.217945229
1.37827940356
-5.16908492025
-5.16908492025
1.37827940356
5.90353909904
29.7549542125
27.0931430041
28.8692329003
26.9017634957
1.37827940356
3.88618424745
5.90353909904
4.73177830449
8.63482782841
4.92026985375
8.07504120831
4.25193809039
5.90353909904
5.90353909904
7.2272815082
5.90353909904
5.90353909904
5.90353909904
0
-3.20232843662
4.30315993655
29.7549542125
1.19657912181
-3.04140347003
-0.376854494913
4.12932824359
36.3020736371
5.90353909904
5.90353909904
0.062326767933
1.37827940356
5.65157348702
5.90353909904
2.22214005904
5.90353909904
0
1.37827940356
4.60173885409
5.90353909904
0
0
3.29262531631
0.0754860655356
4.45188599556
5.90353909904
5.90353909904
27.0931430041
-3.0510557992
5.90353909904
5.90353909904
1.36405038895
5.90353909904
6.1977805066
-0.452164778912
-1.34257889929
1.82396790428
1.37827940356
1.37827940356
5.90353909904
-3.18018716117
-0.340444853319
-0.340444853319
2.31447101161
-0.698287882431
1.37827940356
1.37827940356
-3.70235147306
27.0931430041
1.0087625509
1.37827940356
0.19060402105
5.90353909904
0.40503396398
1.37827940356
-2.80264819505
29.7549542125
1.37827940356
1.37827940356
1.37827940356
0.874992238424
5.90353909904
5.90353909904
7.10229542838
5.14920857036
1.37827940356
27.0931430041
-5.48014705194
1.37827940356
19.1711122084
1.37827940356
-0.442875621276
0.0982218114021
-3.79260814807
0.0587546093914
1.37827940356
5.90353909904
15.5230952825
5.90353909904
1.82396790428
0
0
-0.442875621276
-9.01473396453
-0.515138196019
-0.515138196019
-0.233059527176
49.6075532973
1.82396790428
-0.324534174969
0.545996873775
0.545996873775
-0.556852424884
-4.73745306647
-4.73745306647
5.90353909904
27.0931430041
4.05760088075
27.0931430041
-5.73917015461
1.69047465592
1.94773027424
55.8604838487
15.5230952825
1.69047465592
5.90353909904
-0.442875621276
1.37827940356
1.82396790428
5.90353909904
-1.57925001795
5.90353909904
-0.103935467129
5.90353909904
27.0931430041
5.90353909904
-1.82507555384
49.0190301504
5.90353909904
0.435754658049
5.90353909904
0.12851597786
0
22.4668589951
22.4668589951
22.4668589951
1.69047465592
-1.34257889929
1.37827940356
-1.42858177593
5.90353909904
45.9240664046
5.90353909904
5.90353909904
0
-0.442875621276
5.90353909904
0.26325473764
0.435754658049
5.90353909904
-0.10940956663
5.90353909904
5.90353909904
0
25.1286702035
27.8088355334
-3.04140347003
-1.21422081657
-1.21422081657
5.90353909904
-1.00172774554
29.2255364192
0
27.0931430041
49.0190301504
-2.8459235238
-1.00172774554
5.90353909904
-1.00172774554
1.37827940356
8.64791643656
0
-0.324534174969
-0.870841804278
0
-3.04140347003
2.17572264661
5.90353909904
-3.70169906238
-3.70169906238
-0.228445678346
-0.800604339504
-2.80199578437
-0.279155049359
-0.279155049359
0.19060402105
-2.28624313158
0.899703278016
-3.04140347003
-2.80199578437
-2.80199578437
-2.80199578437
0.982149178876
0
-3.0510557992
1.37827940356
1.37827940356
-0.468371022097
0
-3.79905274118
-18.7847631842
-2.4865432107
5.90353909904
27.0931430041
1.37827940356
-11.7509564083
5.90353909904
-1.01438214459
27.0931430041
-0.324534174969
2.63664354245
5.90353909904
-1.79513298423
-0.324534174969
5.90353909904
-1.41458415145
5.90353909904
0.431798281871
7.17889929325
-0.437202633092
54.2338373062
-1.1242413171
4.69300734856
-1.1242413171
-1.07068227542
0.569450870685
-1.1242413171
-7.04313697381
1.37827940356
5.90353909904
-3.2944854389
-1.1242413171
1.37827940356
-1.1242413171
-2.80199578437
-2.80199578437
-2.80199578437
5.90529771648
1.06653427678
-2.80199578437
-1.92770018851
-2.80199578437
0.687707840238
0.569308290616
0.545996873775
-2.80199578437
-2.80199578437
-2.80199578437
-2.80199578437
-2.80199578437
-2.80199578437
-2.80199578437
-0.573817125947
-2.80199578437
-2.80199578437
-2.80199578437
-2.80199578437
0.443408132143
-1.79276568628
-2.80199578437
-2.49070988613
-2.80199578437
0.443408132143
-0.297195515287
0.443408132143
-2.80199578437
-2.80199578437
-2.80199578437
-2.80199578437
-2.80199578437
-2.80199578437
-0.018640207987
-2.80199578437
-2.80199578437
-0.010783693914
1.14159941099
-2.80199578437
-3.59938328094
-3.84244742621
-2.80199578437
-2.80199578437
-1.81138806295
-0.437202633092
-1.0009788206
-2.69548389936
49.0190301504
-0.437202633092
1.69047465592
-2.28048708957
0.0742975320996
4.38647017944
1.02340241527
-2.80199578437
3.40934152347
0.366137936374
-2.80199578437
-0.757472894953
-0.924466458825
-0.324534174969
-2403132.11777
-0.324534174969
-1.3514230918
-0.915372223704
1.82396790428
0
-0.12585102525
5.90353909904
-1.1242413171
-2.80199578437
7.69605622465
7.69605622465
5.90353909904
29.4828888587
-5.53962647527
1.37827940356
18.0160443693
0.545996873775
1.82396790428
-3.58446986643
29.7549542125
1.37827940356
-4.13394767905
-0.442875621276
-0.442875621276
0
0.61953634073
1.80020280734
0
-1.1242413171
2.6018751788
0
2.04355274472
-0.551964001185
-0.551964001185
0.861866394516
30.4814307527
5.11737205987
-6.17728005491
4.63275691666
-1.07068227542
1.37827940356
1.98296596887
-0.442875621276
-0.324534174969
-0.442875621276
-5.53962647527
1.82396790428
-0.324534174969
-0.324534174969
2.68974580157
1.40474404132
1.37827940356
0
0
30.4972978149
-0.101824512796
-6.42869735532
7.38320406356
7.23650818099
-1.10243932684
1.69047465592
0
0.435754658049
1.69047465592
-3.04140347003
1.37827940356
1.32163316657
-38.5467363136
-1.46320202931
5.90353909904
0
-0.56349875129
27.9928462821
2.29601480366
-2.44293514287
-2.44293514287
-7.45008414305
-1.54323186486
-7.45008414305
-7.45008414305
-2.76379543803
-7.45008414305
-0.442875621276
0.434657507055
3.43382347002
0.365648270813
1.33436078507
-6.75796045367
-7.45008414305
0.19060402105
2.40672331707
1.67100402444
-1.54323186486
29.8977424577
1.33436078507
12.507056203
-1.5363599711
-1.88234755511
0
-1.54323186486
30.1416440362
93.392905689
-0.442875621276
1.70184216348
1.92065555902
0
22.4668589951
-2.8459235238
0.294288917433
-8.90971920072
-1.98463013521
3.79682016059
-4.28589742018
-2.76379543803
-0.494669314036
1.33436078507
5.90353909904
0.545996873775
0.639243824971
1.33436078507
0.19060402105
1.35076679922
1.50405186137
5.90353909904
1.50405186137
3.23772268265
1.33436078507
-0.442875621276
0
0.009737172082
-0.442875621276
0
-0.927489142614
0
0
1.19293431949
0
4.05300228099
-2.67849900172
-0.324534174969
5.43153099587
1.33436078507
2.23349070475
-3.95075907722
-7.45008414305
2.89518848311
0.435754658049
27.0931430041
2.41015378964
0.435754658049
1.19191820571
1.19191820571
54.2338373062
-2.01683501935
-2.01683501935
-0.324534174969
1.37827940356
0.606256870859
-2.68994483229
-1.79024155428
-1.72472910222
-0.494669314036
1.69065171491
1.69787901746
-1.79024155428
-1.20297415533
-1.54323186486
0.513341913704
54.2338373062
0.19060402105
50.5611566263
1.42386126135
49.6075532973
-0.324534174969
-1.79024155428
-1.10243932684
-1.10243932684
-1.10243932684
19.6612394401
54.2338373062
-1.02535263058
27.0931430041
0.40503396398
23.2922717238
29.7549542125
-0.324534174969
54.2338373062
54.2338373062
1.47622177198
-0.324534174969
2.68417439771
1.61048739919
-0.494669314036
49.0190301504
26.0822735326
28.0535643103
0.569450870685
28.4838820239
5.90353909904
-1.5837829716
-0.698287882431
-0.698287882431
1.82396790428
0.435754658049
-4.88702959809
27.0931430041
54.2338373062
-0.324534174969
0.19060402105
-0.442875621276
1.82396790428
1.82396790428
1.82396790428
-0.442875621276
-0.324534174969
8.35211104214
1.82396790428
1.82396790428
1.82396790428
30.7085575415
1.01214691421
53.6453141594
-7.97618948951
30.7085575415
-0.533480279688
-0.442875621276
-0.324534174969
-0.324534174969
-0.324534174969
-1.79024155428
1.37827940356
5.13957919361
-0.494669314036
1.33436078507
-0.324534174969
0.19060402105
3.53107994913
-0.324534174969
-1.68266461066
0
0.40503396398
0.899703278016
-1.7336717023
-1.7336717023
5.90353909904
0.956622989333
49.6075532973
-1.41922708175
-1.41922708175
-2.92734364563
-2.92734364563
-2.95905259949
-7.61698640591
49.1841004873
-5.01346873796
9.48679551875
-1.50980719026
49.6075532973
-0.442875621276
54.2338373062
-0.944469896935
-2.38357693636
49.6075532973
-1.99240174165
-0.863566453922
-3.22782097312
-4.23303377033
-3.74245619201
-6.52968717109
-2.3281176951
-4.30770581917
-2.3281176951
-3.22782097312
-3.33333049231
-3.72364456174
2.05787415389
0.19060402105
15.3291583084
15.0411652678
10.2624024466
5.97889898976
18.6634304247
17.2246028632
34.1633207907
20.9884451393
17.4113328588
15.8148778101
24.5183410016
2.76856652426
16.6984751548
-1.70346569978
2.73427051099
13.234278136
24.2691415487
8.64355627017
31.8329513683
10.0468514707
4.02890850291
19.9464699321
2.51423148753
9.71652743404
5.30599542245
4.43583867982
20.650014674
6.28661753057
10.581915592
17.2172098932
3.15817950606
5.22877005373
3.39200726503
7.14091925718
10.7769802485
12.8249622126
7.77096500658
47.9263973534
14.9591213399
10.4514733048
38.7839767271
8.823916243
13.8549771676
15.8902298931
7.43420669738
13.4070406009
20.5558508504
5.50242058595
7.70594369897
17.7538647179
11.1880469457
4.7752351894
8.03986092003
3.92534508106
14.8989832908
2.5773600497
6.70844620756
6.77395342028
1.6963848499
35.7125647178
6.70844620756
6.77395342028
12.3564823152
-4.42545966037
3.34017085538
15.8148778101
-4.88838246232
-0.927857167963
49.4206881763
17.0779952463
0.275575339684
6.70844620756
4.52740208464
-4.96309360503
2.74402966129
20.2501838194
6.74780737995
17.3147735982
33.963802755
14.120587198
1.95038621477
17.7538647179
29.6981029809
1.19898982393
-1.97532229602
15.536280224
12.4617840216
10.4514733048
20.4648430899
33.6213370182
6.34821132161
3.21143760308
11.7850488076
10.108830368
5.65775267774
5.32368865545
1.02803284499
16.5039958112
10.4518956022
5.3798979044
8.03037341273
12.2620653679
7.6713643941
7.43813786614
18.3709548631
-10.630584656
17.9839317627
33.1774791596
3.51021059235
0.341149883164
19.5977333503
19.8287435954
11.9051854433
3.78865527441
5.79173893093
9.38183825621
8.79553266071
13.9482404023
39.4161231139
22.9956111445
12.3953349274
53.2974421326
6.25578517649
5.38562843387
4.73634759041
-0.927857167963
6.35357146927
13.5652274469
11.7952952087
-2.90436041659
-1.47581055634
15.9024471599
18.5943185148
18.6507223901
31.8329513683
-70.7159208139
3.34017085538
9.17699456767
-0.161135131278
4.4426919812
35.1461816963
14.0236403564
1.25649853736
25.1346197799
8.46729595467
-3.50506838256
5.58836290997
3.68650930712
6.25977808901
-5.46660217206
18.5617480383
6.92180270558
5.88650270502
19.5568610295
9.59624777283
-3.20097512505
18.8739968906
5.79173893093
3.90104075857
11.3072015403
13.9435209339
17.0506206134
0.0695532481454
4.4383068668
3.68558027405
10.2482017784
21.4013545416
17.8044650055
-6.91236266789
10.2690851991
8.87553736748
2.22231958472
12.5570075073
7.16701233472
10.7037900722
2.5773600497
10.4033973138
-0.0918706988184
6.25977808901
12.5882260297
11.6397236066
9.67512830716
-6.16228392077
10.86106645
5.97795769577
22.2376238897
26.8655559523
5.11075969561
8.14365132048
19.1952040253
-0.351537053605
22.2376238897
26.8655559523
-7.15642732201
-1.75678085768
11.0957931443
11.5293234673
18.0538344687
6.70844620756
8.0882579168
1.06402532079
13.6159408931
35.6482398139
15.0126711196
20.4675784207
17.4689309372
9.40062228289
10.4141735492
4.23226914843
14.1750531843
9.19882191209
12.7818171343
4.21445335653
6.70844620756
15.8148778101
12.6920554177
11.5259358245
6.82284154803
7.9675196751
6.99322148201
9.31379058924
-1.16094612349
15.8148778101
7.90028413973
12.2053911095
27.2452273251
18.6782204115
1.38829145821
22.2376238897
18.9443873846
3.44442711862
13.1391149164
-4.67096681166
6.63360840086
27.51836551
24.2907832526
10.7769802485
3.64733516321
9.97638044158
4.36764089307
11.7043655752
19.1198659172
12.3886457218
10.6216556216
7.18339015087
16.7372159315
2.04008033281
8.26066619489
14.152363253
5.80501641212
3.18253289452
13.5159785793
3.64733516321
37.4655118934
-1.44297664618
20.8502899031
8.96180845516
15.3972777389
16.4791908611
10.2653771444
4.62982284326
12.1847665526
18.0857439964
15.8148778101
12.0968599837
17.8044650055
6.42336678947
11.6602358094
22.124690323
17.5115468508
19.2900344097
-5.09004841998
8.47429991606
31.7189487653
14.7554035602
16.0176485295
0.452245563206
-9.56223224166
11.6963100567
5.11387143622
-9.96895729471
13.6993100881
6.91724305842
0.0643818862688
24.4690415106
7.3974766917
8.93619619967
9.93330583217
2.5773600497
3.16752257116
-16.5894374265
10.7283244629
64.4798680152
20.0043271076
0.470092315345
1.46503655187
10.2556816046
11.3540829277
19.8170690905
19.937635384
8.82939599672
34.2974083422
19.9821394274
19.4620265731
17.5515725544
4.01025286204
19.100564237
-1.33127778547
-10.0935241592
3.99753120945
23.6574392055
27.1399837899
30.1342388001
23.671417236
14.2137314319
16.2052173718
24.2391695702
0.810429957107
-6.9468425066
16.2302383024
10.6049102736
24.7025198531
2.95454052728
2.30956552444
16.080406326
27.51836551
14.00489186
4.54046745455
16.6511890627
27.51836551
14.00489186
31.6090875775
12.2036074275
2.72035445959
20.5836042337
18.8432907484
0.186463387124
18.6911753994
11.7520022572
13.6070502172
9.15482133102
5.97447280168
11.5503408529
22.3770782657
21.4730065226
22.2759815582
6.42336678947
22.752373824
27.060431398
16.5275402272
6.581222938
6.5120389798
9.89720280755
26.6448518013
18.8388689676
6.42336678947
9.88326645573
7.78507529517
15.2355532489
-2.81907794141
1.70171542576
5.25306282407
2.73494524325
5.97658726451
9.72733514152
10.2653771444
21.3122504698
6.42336678947
16.8134085917
17.3911268239
11.9275072456
6.16358156782
1.9690168904
7.58687814265
10.1026110794
16.0876816764
7.14829232974
34.4429851223
1.2042723031
12.5574390738
6.96283677922
2.85078812861
6.70844620756
6.77395342028
13.6541755238
16.348022998
4.21243981153
4.73745411868
8.88995085142
19.0970527886
-1.23830709246
14.0257692416
19.5857927439
9.59824767546
24.9770632051
6.97606071361
2.445326083
6.19362261332
18.2298489329
10.4950884738
2.79469655297
-0.88532659296
1.86884356268
2.84371361034
-5.18498820956
1.57024207314
18.0912658561
13.5884471976
10.5132669993
16.080406326
16.0930549461
26.5721800873
3.78664038446
0.004041699258
8.2296223816
12.6902708034
5.46656430613
-7.08820273402
7.83611497179
29.2335152806
11.8636806585
4.50565130704
9.26603338977
6.82480816239
4.04501034167
13.8274802723
6.70844620756
5.51498812885
9.84710265665
12.2653106862
5.16160780211
-0.312145806238
113.366360715
1.40136704115
19.1718428509
21.3768303714
7.5104381193
-1.11442336975
63.0514092477
27.6946892432
19.1276823296
11.7722764942
19.1281248425
27.6951426724
2.80729999794
18.4268502709
5.88787958405
3.22309885086
14.5154804369
9.57393917489
3.86900121978
8.97423091718
18.78888274
10.5911003358
7.78733535006
10.2653771444
