9.10016652728
56.4100488312
5.21304888259
22.752373824
7.44081809357
13.8208696753
13.1021824913
10.9401151146
2.00126824526
2.91949715259
0.147157770999
19.7685956686
-1.11442336975
6.96283677922
2.85078812861
29.9758133848
0.402787134318
13.9412130508
12.0581120315
15.339129103
2.00126824526
6.96283677922
7.83611497179
14.4764021177
0.213945312455
2.00126824526
-0.0880757334944
0.269164539113
-9.40133279601
7.8109578205
14.4822174829
-3.24580370217
16.6569930009
5.76745816381
2.73494524325
3.46694901906
2.75855127811
4.60404804906
3.46926074431
15.9305755597
10.7583278004
9.27393973654
16.7833095671
3.09842358318
12.4980866084
4.93978541537
4.80092449927
20.6602405771
2.00126824526
1.13111150264
6.50046577558
3.31435996828
0.135987729843
8.29569219333
11.5311295311
6.81095077231
2.00126824526
16.067267011
3.31435996828
2.88854578824
23.6939710515
11.7049545923
3.31435996828
8.75359292674
3.07431643302
0.524224442928
7.69996746111
20.1544235202
8.55060117985
3.40201590961
57.8555865477
4.57182291417
-7.71592188687
5.66155431732
46.2152613916
11.3736800883
18.3429268712
7.66272486391
5.80764943991
14.5932590832
4.05866202813
54.925557717
5.42859001458
16.4578389568
10.0020935711
11.9711894904
0.524224442928
10.5995885264
-1.21346244985
6.08498391368
5.32250329806
2.73494524325
5.56439314388
8.29137464176
8.55060117985
-8.27918145254
10.2094402447
13.134857529
16.6449748264
14.712138813
23.1115311296
-123.080896184
7.37656087344
-2.37611295833
6.70844620756
5.51498812885
8.67701733094
4.57182291417
6.98900637207
17.8044650055
12.2007518775
0.524224442928
20.5643596955
1.81575858391
9.61387496916
3.17643711437
0.407583518259
13.5433488293
4.03455178283
2.88502921627
6.70844620756
18.7430875718
-2.72337929042
3.17643711437
0.407583518259
6.8596523598
3.46926074431
21.1083185697
17.0643703034
19.539285377
20.7338391483
8.12070375013
19.5334430234
2.12726337847
6.4858235645
9.01513271464
11.6875954433
21.1083185697
21.800702576
9.67512830716
8.99126628289
9.95008611952
18.0766093952
15.8148778101
12.0968599837
14.2022075194
10.279351591
8.79553266071
13.9482404023
7.01012067728
9.09668271874
13.234278136
9.59403176569
8.67701733094
5.45462798209
7.03510013283
6.16494339021
0.230036045991
38.7279649005
17.773003337
12.6172170025
19.6175565939
-8.27918145254
8.82815399253
15.3990818641
22.4930440275
-2.33830160373
18.9859761398
18.5826985344
9.72962030871
2.5773600497
0.797021204663
25.4910171125
14.1918721207
19.8903787429
5.00855133402
20.7949495904
0.441478116998
13.6133556794
8.82815399253
-4.45959771311
3.45181865075
7.79122972938
21.1980176498
17.8415806697
19.3518662853
17.6115528
-0.535916232417
10.2188098152
18.4147715376
1.46503655187
4.85842716174
15.2312956626
29.9940161038
21.1083185697
17.0643703034
6.48441698026
-3.00343214289
3.55308613167
6.81095077231
17.7605713362
6.96283677922
2.85078812861
15.3315054123
2.73866175186
4.43475959899
18.0691932314
8.7838537225
2.6081555031
4.60168058125
12.312366109
4.26378167549
7.01012067728
21.1083185697
8.17731399438
10.8555252186
19.4339841043
4.62280638644
9.69016629102
18.4070730422
11.4248890242
6.45574473833
2.66258323443
5.24020430069
7.66909993832
11.701169508
2.13199816209
4.26378167549
10.0468514707
-0.571441202559
13.6420175036
12.771860761
-12.5505315146
8.00379632032
13.479058725
17.3372796903
12.7530779337
24.5799001697
16.8796411845
13.682989722
8.00379632032
10.5283285271
1.64913163822
19.1276823296
18.5178543691
20.5836042337
18.8432907484
13.2905119204
0.998791736374
-5.62133466215
16.0818442114
8.86828860048
8.43304873224
3.81732976228
1.94769917
22.2470724021
8.734669754
2.52601716428
5.29867108794
2.79489310151
9.91530610814
5.15815750456
5.91163867236
-2.33830160373
15.8152798381
-0.470175767068
11.9959123127
-0.39837126929
12.9141444652
1.75204573337
-2.00212806557
10.3558342953
-3.76561271819
7.42714376774
8.74734204127
7.05821325843
16.6662781398
19.4181114909
63.2106761274
6.44060067308
12.6176703548
-3.58997716369
-2.33830160373
20.0675623521
8.53655285307
7.72110500934
9.19557385288
19.2295313045
29.805195116
7.51857387157
12.6176703548
3.4412807744
7.60082551088
16.7118251859
7.47625797821
15.7291311208
17.9556188717
21.4522725036
1.15611316671
23.5061673045
5.26338118065
2.48953859847
-2.43497747754
7.72117499234
8.64871076576
8.12333898202
13.6653115531
22.1433726099
19.4175576471
-2.33830160373
10.8756385546
19.809624359
13.8119227403
11.9514560538
18.6116882327
15.7670373467
5.61302719107
-4.01988695043
8.78204536791
4.4985419111
18.3564684013
13.4745487772
-3.89467968045
35.5850990087
11.078898093
12.151051447
6.10302482917
-2.69593239173
4.4985419111
11.471503768
14.7087755256
26.6776159293
4.38145057281
4.03174074041
17.8457070299
6.70844620756
6.77395342028
4.45317004509
3.96809906947
13.6106836343
15.5145303068
7.27481171133
10.2653771444
12.2716709156
-2.06580157144
9.45732454687
19.4181114909
11.9920521273
16.4775295754
10.0464582375
12.2716709156
8.48925298093
4.20574952412
-0.118585447067
3.46926074431
-0.0465990145034
15.3990818641
12.7978019318
-5.02187864939
6.86771416753
3.43898117055
9.32825638292
-0.351537053605
5.92892960011
4.38829954577
19.4181114909
10.2690587955
4.24152714838
23.2425278103
10.8410498627
18.9790571757
2.31859467387
1.44843793124
8.28351612448
3.64426399407
26.0235367426
12.1847665526
9.67512830716
14.1026891647
4.77867705167
22.674664907
11.212840002
8.28351612448
8.87639834839
8.67180300258
4.38829954577
11.1422378987
-15.1230777511
7.47958405285
8.16126791582
17.6755565238
11.184490438
9.33815666315
15.2932249357
18.0635416423
26.8272939528
1.9222723036
19.0739709787
8.42328013736
20.5852170085
9.54567030453
19.4384066434
0.324868928971
7.25723053294
11.478551941
19.3772053791
10.4179738024
11.6674048568
7.8807285452
11.2775275144
7.07661324341
7.72117499234
16.3379759471
14.5976624619
9.82874054571
40.8381339995
10.4179738024
10.5974816769
7.36415714702
10.9680349938
9.3758128163
15.214912419
6.57373754763
10.7736786999
20.5836042337
10.2653771444
3.88256428411
4.20668476503
3.41542776097
10.2653771444
16.080406326
0.814747197783
-1.17384167897
6.70844620756
9.02271253361
5.9898529931
14.739285555
13.3244899437
6.67507386026
10.2413155323
5.31253880649
10.6034334077
0.524224442928
15.5306244069
63.1042177294
11.478551941
35.8600288761
11.6674048568
16.080406326
15.6346620837
-12.5505315146
13.1467024985
7.47958405285
31.5605133784
6.57373754763
11.143811896
10.9981486738
15.6081277909
15.2442930449
3.48356771065
2.0117795962
7.49882517287
12.466958714
15.327761685
7.89847240056
-16.1127388296
3.16817303333
9.80020476559
15.1266948823
6.95042077214
7.17746811606
19.8504816817
10.7736786999
7.73855597181
14.3328748561
20.0065709472
12.9796672489
11.8326002352
23.8168597712
16.3009602589
7.10670543921
20.1484291026
9.7322239164
1.16521700278
9.4656712926
5.1325499753
11.0226601772
-2.33830160373
20.6196001803
14.3663591777
16.4167239848
8.43429394581
0.158810890867
21.09637826
36.8123727028
19.6551926768
12.4422123829
8.95337905087
20.9120966154
-15.041308433
-13.4870572709
6.96451202114
9.51520169909
8.34005987888
2.19386257937
9.38953268831
5.81805273423
-2.33830160373
6.70844620756
-4.2304509603
15.1340333584
-1.8029530347
14.0431824734
4.90615303714
6.8480428937
15.7089596158
10.2653771444
15.7738637261
24.9355258004
15.2650284653
17.6022418781
20.5273547167
15.3212699224
7.30529566137
9.67512830716
10.0505396312
-0.580263109199
15.210516042
13.8224921927
-15.041308433
-15.9841697655
34.0844408282
5.38125890842
-4.10704775862
10.5709621245
-2.33830160373
41.9875703469
-371.629114709
10.7132034643
11.6425285866
17.868791976
25.3643175102
9.84257868084
2.70756921331
10.9083094383
10.7356447278
17.3449451335
15.6346620837
26.536542256
17.9695353424
-1.7237209464
13.4169704601
-6.08853032051
12.7825526316
6.61569772994
6.95607987363
16.1561409747
6.81082488281
0.27426072207
20.7862390402
23.4751202206
11.5275070069
7.67732560065
15.7018440572
8.8746381246
29.5089515292
-2.51693125847
7.13081850276
12.0488875174
53.2974421326
-0.917382873409
-9.50249109251
3.00100972125
16.9802710769
11.965993815
29.1241444539
13.4553458545
10.0464582375
15.6728243893
8.8746381246
18.8946491729
8.46168399703
6.23216740466
29.7518617304
16.8921480331
24.8090746454
-3.87838882343
7.56468096067
10.2653771444
23.265663206
-0.351537053605
20.3624469621
12.0289445856
8.8746381246
8.8746381246
2.13059415977
0.677107049451
11.4630729975
-5.23271873713
11.2366468406
3.09728129959
2.6231656515
12.8800230999
7.90102239977
5.3252973186
14.3328748561
13.0058433035
9.11183222694
6.98802258693
15.7486396216
4.16305822474
21.4827300092
6.70844620756
3.80033033053
16.8886555519
15.5651316794
7.69042734103
43.8927167245
17.3798100377
1.51124174799
15.7590291289
-10.7401385504
30.0977338687
7.85607039116
6.68278009567
-0.583312602208
10.6034334077
17.5924546494
-4.47701316665
8.32266786028
7.1876596355
10.8102105459
14.7031572838
8.06988487022
10.6630156516
12.9624992127
-1.82433086127
24.0653690578
8.07312448543
8.00379632032
17.6022418781
22.2503432945
22.8860002374
20.8132906467
-3.72768023606
7.23247601237
-5.79003016785
6.68278009567
8.16315246102
14.7435532638
9.67512830716
10.43241134
6.47238626002
12.6604038685
12.3882786138
22.1574395042
12.3960461561
17.433183884
15.7955239447
6.58699379283
8.20925431729
13.234278136
29.7584652279
12.7904145885
16.7808457661
5.74014516429
-2.33830160373
8.66972462613
12.3564823152
10.1603229114
12.2918222622
12.1937251168
11.1188756134
8.00379632032
11.4225652422
17.9324247987
22.2972929458
9.9440640172
11.0391786961
8.73679858605
-1.58449050473
-3.66347347586
8.19306663646
11.0226601772
9.86979027501
9.4656712926
5.42685263965
6.63950749886
-0.285321109149
10.5763079547
9.69604718551
8.65643517895
14.0347130155
27.3633511886
17.6818037227
8.00379632032
16.5962342965
2.62296251585
5.03198140246
14.0917219625
-0.716309145566
5.7043970326
-5.92249335068
7.881271293
10.3587066033
19.8013715059
1.43333757261
10.9963705726
0.945104797487
24.7931210831
16.1955145765
12.4909970446
7.78271475059
7.56521042433
0.0251065651589
2.65696268607
6.70844620756
19.1439438248
0.980783326202
3.72402179638
19.8013715059
12.0240155314
3.11558154559
1.74898428195
11.5284224414
3.03543343028
5.7043970326
8.39914257858
24.4668380454
15.6649414552
11.2608243059
-2.98837142024
14.8661205606
0.938406213676
7.5188235348
9.35412815091
16.080406326
12.6950292501
25.0297221568
16.4321156502
4.25301647402
11.3228812503
12.0537627943
9.10656667861
6.78717229088
17.1761524101
8.41577167961
24.107725261
15.5101187544
6.62289187802
12.2104509061
11.1422378987
17.1229326943
11.8315992806
0.719696058011
25.3754221956
16.5735256054
11.1134358912
27.7865321462
7.92128227112
28.1017233218
11.2458119726
4.23430531784
-1.6903880281
16.3029564617
12.5443119425
24.1735833969
-2.34017923653
-1.4530511226
12.0765343339
6.10389859431
3.35104632844
10.0787644723
7.05461476609
3.89633195073
10.1338474327
3.95307599758
-0.313703149518
13.3986484532
6.30115591233
20.5189682168
8.39636090419
11.3970991227
7.78648445648
12.0719595304
12.4008200359
14.3447084704
10.9981486738
1.51124174799
25.4801503362
16.8825438296
16.6407684549
15.0689618465
8.74373367838
11.8112724539
12.8186641423
10.2490195866
7.78271475059
10.2653771444
11.8999265232
9.39495281111
1.86216014612
9.88448156277
5.14062180993
-2.19360935672
9.18648123417
25.9117748789
17.1098782887
11.6674048568
5.70684008173
25.9341256535
17.1322290634
13.7962069858
26.3957410752
17.593844485
2.00126824526
1.13111150264
12.8789486935
18.2298489329
10.4950884738
25.2756992889
16.4738026987
-3.29212500707
8.53939739657
1.48708499861
2.11539301531
27.8530780309
19.0511814407
9.07356353088
-11.6178282695
15.2873396524
11.5677208225
29.2921142234
20.6557417844
12.2364093696
4.23430531784
5.58565249525
6.13810693715
15.1631224254
11.6816184812
13.9525613479
24.4284994156
15.6266028254
8.39636090419
13.2123793455
8.08368250718
23.1735275844
9.23227179948
0.808633369183
16.5962342965
-2.33830160373
22.963638952
27.6516490511
18.8497524609
4.66521376402
5.68826042207
180.761935397
10.2653771444
-3.87054813122
10.7607229258
5.32104580052
7.99828583665
9.43657057596
4.75702530097
-1.47010245651
12.4909970446
-0.351537053605
16.3459790589
10.2653771444
12.8403135098
-2.50619428748
21.1235499354
14.7560845636
10.7242783352
5.42974521741
0.286746364761
13.7987062011
-0.0027906916702
8.55178027124
12.3685661467
9.65130885934
14.5445169676
15.0327565234
17.8593400568
7.0394671969
-4.70162135306
6.76431993938
7.82692167791
9.26592960126
8.83073374249
19.9088455463
14.5118187104
9.46412486748
13.2527964546
8.39636090419
4.54891854721
19.200304986
8.39636090419
54.7732365927
45.5727437941
1.41224346435
13.0330043964
0.797021204663
0.581159196395
4.93562047645
10.6216556216
9.7322239164
1.16521700278
32.55295261
13.3080566863
6.67947455792
4.0463299306
21.0134587042
6.45359941396
0.441478116998
-1.46350261574
23.5061673045
-0.992290426316
8.42424486369
11.6947097839
16.4875742386
10.0058825957
6.98108574674
-0.243276595163
5.08590595578
-2.33830160373
12.3515727355
7.99828583665
11.1643454001
15.8560234332
5.78438349687
7.71629263651
11.70148944
9.67473730588
7.27364992276
9.32966731096
10.0351626513
2.10614085999
16.1137077708
11.2309083618
9.15222694146
14.0821704398
18.0924739409
5.25253148395
11.6356804564
14.4333841666
12.9774689521
4.05543322192
19.809624359
9.67512830716
3.97910998661
14.8719404671
9.78658778802
8.42690576426
11.7458801981
-2.30262697812
-2.72041821453
0.140714789467
2.00126824526
-10.6223503369
22.9317672468
7.85914917283
10.2555464781
6.80463671662
7.9157059407
6.36875391001
2.3565069581
8.39636090419
9.57419206895
2.98398768423
11.921628433
-0.443729242394
13.5013038939
2.88713025223
8.59228945778
5.71688925346
3.41408479078
9.03279995058
9.22133095701
4.55681736406
-0.972377702922
5.57444355582
6.35555578867
8.23620874045
-5.46828219496
9.77442956289
9.5608573155
4.63288756342
10.9395571789
-0.946520928614
12.1405896901
-0.0359406288902
13.6335592534
1.16521700278
2.30889443184
10.5139286453
7.45579890255
0.666480742026
-2.34017923653
3.15421255237
11.8789761665
8.06282696566
2.13436820158
6.96283677922
2.06784606922
8.68807108874
17.6827250177
116.87480552
4.41116637706
4.96037753666
10.2653771444
-1.75996909355
34.9795033155
1.82695420119
9.95008611952
-10.7484800387
9.22927805505
11.7628207446
7.56282412469
25.2820580981
16.4801615079
18.0417517331
7.82692167791
19.809624359
13.2123793455
7.70423954096
10.3964646328
13.234278136
24.2691415487
9.71156041423
6.87161182702
2.45453004295
26.536542256
17.9695353424
8.76107935317
7.78271475059
6.90529487141
15.8805129745
7.05836958371
15.8827962733
10.2653771444
14.9033004994
628.288021656
14.2590477036
15.9310393181
10.2653771444
10.1791033054
7.83747697763
11.3970292138
6.70844620756
5.86195737675
14.3105794203
7.6749626239
9.72078336419
13.0311283986
3.04096934449
6.60428558056
8.22037541203
9.60845159513
36.1283007256
1.94515797309
6.94502957443
6.70844620756
3.17915061243
9.65130885934
11.3095003141
-4.95020829808
24.6215762221
14.5449777816
-0.0075115501304
11.6680841744
44.9641114371
16.3179869698
12.4566834772
-0.222033198652
12.0123946413
4.12800203266
17.8231953438
-0.0282982552391
6.223392522
10.9065218335
7.15837630384
1.22487213421
9.21145475807
11.1643454001
2.88987058854
-1.38941922055
20.7866918977
14.5611307972
12.6751676141
14.5611307972
8.58658102013
9.77562432898
10.4789294462
10.7736786999
5.58599281639
-1.32124295411
2.05810757308
12.0488269735
5.43880438871
-0.313587306919
0.698466775422
9.39266302818
12.3564823152
-7.90562651326
49.4206881763
18.718109134
-4.6633513702
8.83340654248
3.60689170105
19.0114588639
-5.15977651097
8.57500221252
11.3473683714
7.21708807669
8.39128165399
-1.58101857088
12.5494752695
6.42336678947
9.48630787464
9.23774181487
8.76879135714
13.2866119276
8.03014857087
6.46087025746
6.71191275484
16.5540723251
7.13773499146
0.248690946317
-8.3183159673
24.5694283538
10.5921364707
5.50970483518
9.42225006553
6.51836438381
12.6754823276
-0.980755447044
17.2612646724
5.91180330809
9.00316414787
1.71500033292
8.88903330808
21.20789215
11.8191760318
15.8148778101
12.0968599837
6.36049175889
22.18528779
8.76107935317
-2.33830160373
-1.58101857088
11.3746642209
1.15463944735
30.2559210264
-1.59226947125
6.70844620756
4.20769883052
-22.2743186877
10.9891907401
6.00879039952
20.7667004844
41.4136368825
6.70923692726
15.3914133587
6.70844620756
6.77395342028
15.6452877626
9.6138932033
15.0224181907
33.2699201338
20.1964365301
1.08194819844
6.94152521671
13.2123793455
8.08368250718
12.5289955233
-5.57612108465
-11.2211281325
16.080406326
20.0933089906
4.04243564032
9.06703618211
12.9444648288
7.4771772545
13.0166415911
10.2653771444
-0.885803761609
4.66260877068
14.7262011341
3.64426399407
1.56782323965
-2.33830160373
8.39404195337
9.62671507008
-1.99534855744
3.4412807744
9.70869056445
17.8044650055
-2.00919971337
-11.9072425615
11.917618132
12.1560005639
-1.56766333957
2.67447943171
0.0714063266918
-0.82303118305
14.8780938733
17.694133474
7.03444758311
10.0464582375
11.6283638058
10.7736786999
12.6754823276
24.8505361993
6.70844620756
4.52740208464
8.24547488261
14.6709013363
5.02835768061
-4.49591908296
16.5314642754
18.9345011594
10.3010630585
6.70844620756
18.5463052376
14.7441397344
-0.688244097701
22.08676596
14.1646994206
-7.32253151576
22.1574395042
-5.86325118765
4.98812067121
11.1379779612
7.78457164172
10.2715734499
21.3991872618
0.18793383292
17.1229326943
0.261312678931
12.4300754791
12.4857147394
7.74551161582
3.45181865075
0.709853725411
23.5061673045
-138.084487862
3.34362863213
-7.32253151576
4.51676735956
7.64247548763
-11.3886109302
-15.5642529616
9.76790120315
9.66139155611
6.71483981884
-4.39873373425
15.9945672576
24.5694283538
17.8445112088
14.2477531792
2.52502948481
-7.28251226199
6.04125039322
7.46943959101
8.09517969818
10.773923879
8.08368250718
19.6560833668
14.1351666479
14.8615439899
15.647519488
13.232972469
17.5026600831
-4.44074550722
53.0561128259
3.45689537858
23.5061673045
7.493744601
1.32255161601
-2.33830160373
10.2460153544
24.350509447
14.7998655889
17.9411528733
4.95148091379
11.7154458341
19.7430084959
31.3107097553
-0.355048077334
6.84948881926
7.95242330952
3.90728361362
11.9447917386
12.6540540248
-0.469883959204
16.080406326
6.57473945806
4.71795279442
6.70844620756
14.0927636298
628.288021656
-12.286872317
6.53305877494
6.06901260111
9.84431658633
10.5972075756
14.0255476328
13.2159257616
14.8068822996
27.0455837183
14.3118296022
14.2467278515
9.45615913208
8.56581804934
14.5567071582
9.15720990406
-2.33830160373
2.72254131793
-4.13033440545
1.86478850063
16.8376893589
12.5342476714
10.1870666039
3.03015207794
1.91708193353
-5.41298458178
7.78494527618
7.49710777679
4.53635910883
-5.01680060545
17.2436591769
13.2123793455
8.08368250718
10.6216556216
27.4835774132
2.39552266305
-3.70954356841
12.8507357016
43.3055122716
13.5992113651
4.81877506648
15.1886809435
10.6599406483
20.8798474569
14.1937112219
9.91388753911
24.100418609
22.110863
11.4461071227
5.03826821899
6.90384094057
45.3066552768
6.68295345907
15.1872180675
9.9174618537
2.78166701753
8.03489667218
17.5653955278
9.67106538826
17.02849851
-0.148547994666
0.689528779189
-7.52156328099
13.325957951
8.65643517895
-2.33830160373
21.3426822689
6.32945036994
24.100418609
18.5331666798
7.9226338649
9.66139155611
5.636873689
0.709538725618
11.0254419451
14.5390147486
5.65635811115
6.57993762225
12.5289955233
22.8741941967
11.3023754191
8.3763755533
-2.33830160373
18.2067282825
3.13958069994
17.8044650055
9.72816541301
2.72254131793
-5.71012705736
13.257037695
11.2260151319
27.7753215142
10.7242783352
11.3282067346
-2.24501923941
15.187832553
23.3535533599
31.8817123827
17.8044650055
11.0277657748
-3.1016912158
10.3436164938
-4.39498673125
19.8409269156
-1.19839931402
4.79704966183
10.1685256953
12.3399038909
11.7939627821
8.31923928136
18.5900445715
17.3527721999
5.83519487298
9.98164666705
8.89240850542
5.47194655606
8.29598831073
10.536067882
4.78066050008
9.96476794992
-1.3091895417
15.7366874642
7.82907203225
9.98040978527
12.2521143974
11.366599613
7.76231485298
17.8044650055
8.01956802436
29.1910857953
7.34808909522
5.3798979044
12.0743782844
23.4495495509
57.0661151541
6.8989030542
11.4925183726
9.66139155611
17.3954872783
16.7422625286
8.00379632032
-2.33830160373
1.14870624908
17.495859397
42.8043759023
14.7396572555
15.6026324313
20.0845481872
20.1852828114
11.6785609557
-1.79454134185
4.84957419214
4.74741019217
1.77632245011
13.5625978443
22.1574395042
15.3317344793
13.5823678606
1.16521700278
10.5523041827
9.90567635121
-3.66262336613
4.34519752118
-0.844849587273
10.866239759
9.46946932282
0.328947902991
9.77702581327
44.1721063449
9.05806681203
9.67473730588
7.14769083541
9.43202218682
14.3986740267
12.1913726637
10.1441439612
8.47357566936
11.921628433
12.209095807
3.90728361362
10.9101114831
6.70844620756
3.12338264175
6.93636622573
-2.33830160373
6.84990869844
9.88551411288
13.2123793455
8.08368250718
7.82692167791
2.07626700148
-15.168399052
11.0540760462
19.0523015819
13.219133851
14.5611307972
18.7533645911
17.8044650055
0.0702054710106
8.00379632032
15.8887480634
9.4656712926
3.94403233743
10.0275311375
8.76951180772
1.34916075545
8.24316425714
-2.48181041262
9.62366172154
6.33703373904
3.23466511202
26.7912143605
17.8044650055
10.7736786999
15.8148778101
12.0968599837
14.1885416627
41.9875703469
2.07626700148
-6.36805845946
7.26522448391
6.92415420283
6.57885694414
0.980783326202
7.7540429911
-2.48078653959
9.67473730588
2.08623413214
18.3846191789
12.9151393876
6.70844620756
4.52740208464
7.65018086746
0.111077406079
7.34938206288
-5.44852638281
6.06168219471
4.33750944267
11.5398053892
-1.13835790909
-11.3981662473
9.15505013367
12.8940624647
16.080406326
31.8329513683
47.4607636563
16.8875725181
24.3666942679
15.7690877613
9.48908464699
-4.04703157175
-0.938738332061
0.58139604649
9.35409104509
1.61922895059
17.495859397
14.7326749915
1.16521700278
16.1703280207
2.4858242754
3.22713976852
3.83617444728
9.60845159513
23.0277816437
7.97399857972
8.01180682567
5.996935944
-4.73392198245
-6.64987236478
1.34916075545
8.00779595116
14.5322821621
14.5611307972
20.3805148532
2.07626700148
-6.36805845946
8.48110927078
-5.81457438606
13.1873585119
5.26639731436
-3.67154553912
8.35574800266
392.393768361
6.70844620756
5.51498812885
10.4570163986
7.99828583665
9.32764655867
11.6065875307
-3.85233404339
11.5949080926
4.48697433808
-0.678646317082
16.5825772997
3.87044547829
-2.55204447256
19.6098727531
0.501920179997
8.31999837433
29.6931791791
-3.70954356841
13.2123793455
16.6449748264
18.1952938871
2.41450617557
32.7418516081
9.66139155611
-1.31708440238
6.70844620756
6.77395342028
3.51021059235
10.2653771444
2.32232563289
8.8746381246
10.2499724925
4.14312068404
7.98235131721
13.1041640231
-1.67651319524
5.21304888259
1.4026890995
-0.927857167963
20.010357815
833.908479884
12.2628957929
8.77131593672
-2.83999798395
6.31268949418
24.4157427098
14.9418189552
8.6144542537
26.6353468388
3.95167739667
5.22518683239
34.8806698848
1.02803284499
12.4215164506
31.8329513683
10.4684984066
-4.86174573782
10.2653771444
10.0763498324
15.1612817649
7.78271475059
34.4575495091
11.8830397597
6.85764465484
1.17889928738
28.7457104209
10.2653771444
10.7242783352
9.67473730588
13.339997534
6.70844620756
-4.7651921179
4.70896042952
13.5804877014
18.6782204115
20.0737400065
12.7343865975
5.50738982208
-1.92115791846
14.8564649891
3.92875234821
10.2653771444
8.77131593672
4.57319931432
50.850826068
29.5689512071
14.2712674202
6.75761564572
15.8827962733
3.261432008
15.8148778101
12.0968599837
6.70844620756
5.51498812885
5.94319150652
1.46503655187
26.9726852322
10.443901598
25.4395850964
24.5694283538
14.9379501496
36.9723567977
6.83691946904
19.1935795833
14.9728509166
12.5126639852
7.19149493647
13.5160309214
13.2662149919
8.46858342836
-4.72001182496
6.24348225033
20.5671367748
8.00379632032
9.60766009067
12.6754823276
14.8249570778
3.89236521367
14.1194566849
14.8564649891
11.509502378
-1.13835790909
-11.0364007572
-1.43852867609
6.83122446617
-2.33830160373
33.6213370182
-6.62467134703
0.248690946317
-3.75330317139
8.3384677217
9.4656712926
10.4981088886
11.1407471834
13.0430453862
6.57993762225
16.080406326
13.6616522212
7.37384175718
9.4656712926
27.0806225969
18.2787260067
38.7867586643
-35.4319750909
-1.41918831015
13.6235214804
19.237653741
16.8544762235
15.7886983569
8.77131593672
5.22375812808
-9.01158426918
9.48778281623
11.7870698232
12.5620643498
1.46503655187
6.27164471288
5.3798979044
9.5945974443
8.10651670218
12.0775586155
1.17889928738
22.3072324321
9.46946932282
11.1166778621
9.45895714638
8.92468565207
8.21140520244
8.41781388598
13.6235214804
13.6235214804
11.7919316123
19.2714987195
5.40384621982
-0.235879049356
8.36679369857
15.3876263632
19.7087493727
11.5846943205
15.5644935971
5.64885677832
36.4388403362
9.46946932282
13.0765715457
-822.608598066
-1.08826338124
8.77546609951
1.35122558073
31.5994630401
5.7043970326
34.1852445787
29.8478354002
11.2641015997
17.4662085517
23.5447867806
22.674630038
-4.10934650372
5.83993879474
26.3714719191
17.8044650055
13.3738416667
-414.806580235
17.1844210046
21.5614155302
23.4820801677
3.02131961106
-4.52218693567
8.70799941664
24.2502529602
15.44835637
17.2515573111
6.51171693493
28.1734381195
15.4147771254
8.81760962897
5.07483452834
20.9655385215
14.2653253086
12.3422226028
0.797021204663
6.31238342401
15.3369143286
-0.321274683218
5.94020769874
17.3897744779
-3.12950028366
1.46503655187
8.19876243157
19.1733388696
26.3714719191
17.8044650055
-0.230318637302
26.168695264
26.1671392663
11.6091497576
4.82182825354
-2.71228543974
16.8094921816
-1.6158358632
8.41781388598
2.46317358808
19.9704592873
26.3437425928
17.4945107948
9.59800879
628.288021656
0.287623422848
-8.39384003373
2.08811322082
9.5358466541
10.2653771444
34.5858373741
32.0652596679
13.4512427136
10.8636135903
-1.62079069607
26.2199333362
26.2183773385
10.135007961
5.68694440711
3.19100611626
13.1339694488
9.80158951537
2.45164882853
0.287623422848
50.8836503102
5.4421790912
-1.43852867609
4.77524868244
6.91605663413
28.6489883007
28.8517223866
6.31270722677
12.1882666797
13.8777043618
9.66139155611
5.94212763364
33.3057991194
16.6836624361
8.48900307718
10.334516538
10.6637348875
-2.31191212034
-0.391947283396
-0.553590837864
14.7225230746
9.5358466541
9.97378255678
6.16396449856
12.7587825788
36.2097329629
10.3455544198
3.18464554858
8.88673864147
-0.471598563167
14.6945158133
16.6380601004
-5.08671152554
-1.64524161085
12.4770318251
-10.804463799
11.5040718865
25.7285949187
25.727038921
25.9713085974
10.2653771444
13.0049657543
13.9288559545
2.21221789401
6.26002514725
-0.0729181312084
7.9689261088
3.70957444901
6.19948706083
12.3797586332
1.50163254591
-0.391947283396
-0.553590837864
25.3006938468
25.2991378491
32.8241267279
14.319190816
0.828775760576
7.06004020374
11.7204631115
-0.226472271137
0.209951858252
7.76126447493
17.6923367202
9.72622954815
9.5358466541
8.23338589334
2.02027154408
9.01995833565
9.5358466541
19.0281539546
25.1647067253
25.1631507276
16.9426064103
9.22297042835
9.72514401404
3.54188201035
1.36776779525
8.35982913748
0.464103567419
3.57981812427
14.3008815717
-0.174274758226
1.45034756223
7.14175751348
8.31923928136
27.7278525418
27.7262965441
12.7733693391
11.8183832728
10.160465787
9.22687610273
0.598835686584
12.3158422449
4.26381117395
5.50828225843
24.5709843515
24.5694283538
17.9912517752
15.7973216746
11.6448261552
19.266583882
0.621231484199
15.8502207904
12.3422226028
8.89092572348
30.9550123506
15.9758146908
2.91121009256
27.4856509817
27.6883850676
9.75309391855
5.40259248195
17.9912517752
16.9857500373
5.66939015924
-1.51754649733
4.51347655766
4.49025905231
20.8580817503
-1.06046644178
9.66139155611
9.4656712926
-2.33830160373
4.99576537894
15.1616946248
10.2653771444
25.3863622122
25.3848062145
4.11288484816
9.31778594313
36.8123727028
7.21510005581
10.5588725482
31.6655498094
17.868791976
30.42589189
11.4782084805
7.35984213301
21.755228297
2.98950111269
4.97219568238
6.44422743996
13.0366930463
7.54051361186
4.51347655766
7.35387205623
14.5538406224
25.9888445896
10.4981088886
9.51508416439
1.21476853739
10.6889457961
15.2702766062
10.9690431149
18.5652893956
10.6726665896
4.34519752118
4.51347655766
3.97467479732
19.4762826633
34.0083082006
69.4189441257
6.96283677922
0.677107049451
25.4937654332
10.0468514707
12.9739761328
-3.22719350721
9.12936316992
31.519582389
11.0843671538
13.5149771928
3.70001337255
0.63823948655
9.726898246
9.07298335692
16.3563975187
7.19147211289
153.95208755
13.5564533625
3.77789617454
9.75157647735
4.07261643113
10.0787644723
12.8996351676
8.60932328272
11.3060791547
20.0737400065
2.18578590872
-1.76381837429
-2.70219486801
5.0132127821
12.1450665003
5.85321069421
15.3735856385
5.57519172621
9.83250580235
10.5490329017
-1.13595381891
10.5717177365
-1.2682651701
5.17468861736
-2.04658041216
12.7382088718
7.09931138466
2.57371597012
10.1616297823
3.10088253132
12.9039044678
5.60322874904
-2.47680671392
12.0911890038
10.1702318226
10.9839245317
8.73357224403
7.76962294686
2.63325222062
3.6304928377
0.501788426485
-0.683877254744
10.9489320739
14.9060271436
7.27845241019
2.58620657312
16.8895901977
-1.87132703816
2.17909883956
11.9754288505
11.2393809166
9.95807158294
11.7810887132
17.868791976
10.4981088886
8.50636530492
12.2690263864
25.8673448619
25.8657888642
2.61999058266
4.94589442777
5.54148537059
7.52265893029
2.18578590872
8.345630196
31.0456542988
13.1974711435
7.22895100629
4.40022114408
10.1616297823
5.58445816734
3.41832160626
17.8641378245
14.5611307972
3.93190423629
10.8530099556
9.46946932282
4.83493778651
5.79173893093
