25.4395850964
25.9364379918
-0.106797566582
4.38761508169
-1.16456859911
10.9771263206
13.8429473812
15.7010650432
24.7499718547
16.182964941
-1.39146648456
20.0287457581
14.3555117254
11.1712954769
6.90744114179
20.7667004844
2.05945292711
9.70985034537
25.8311759096
12.9490355322
7.39905802629
10.7201424038
15.5947183055
4.45766003553
10.2653771444
10.585806048
25.4395850964
25.9364379918
18.8030733919
8.7994569848
0.0286629276921
39.5793781036
5.16103438477
-0.162944771381
40.8081507256
7.29059674212
7.07925457161
0.0652373929386
4.45638235326
1.24525355824
25.0274164368
7.23004477956
62.1093675132
15.6346620837
4.01857727357
23.4832257408
1.3856871884
8.64407910856
3.15230262603
0.877992875227
33.839456366
6.70844620756
0.858576093019
-1.66616230098
11.7434621963
-4.18356553815
9.99435874209
15.8499352114
4.73387156723
6.95601733243
19.3580180765
5.91440985528
4.41693765449
8.56156518338
-7.13849677559
11.1088784448
-5.53385152704
7.56059037913
0.161355963938
2.0951112503
6.83542944217
2.55192598536
21.0758443912
19.335530906
4.6474103462
0.59100038602
16.0688092287
3.9399217678
3.88052177405
17.3102146789
10.1030605121
6.8809196584
5.48790952218
15.3267733322
-0.395026359903
3.59479040938
6.82272676997
10.4981088886
4.51347655766
11.9608748401
22.8876279228
40.3800582446
9.11422871315
9.86858173192
7.91851323997
2.48345324233
-0.448454767326
12.6616620442
16.080406326
18.1144486713
0.799958932348
4.4631597118
19.6664645707
7.48432263557
12.961740321
4.1388321926
4.46690840147
16.6198269236
27.2955568705
95.0297665551
8.67701733094
9.67473730588
4.51347655766
8.49729537777
13.5441932954
11.9611407095
19.2749388035
-0.768783394864
7.37384175718
9.24579167771
9.67473730588
9.77516850553
4.61609385216
-1.39512176923
10.255333051
5.92941532824
0.740317002269
16.2559197323
4.79440780507
0.377092563608
6.44422743996
20.5836042337
1.64462317503
21.1709689991
8.31013217718
4.49839279625
23.0714433118
10.418674589
5.63171345023
11.9611407095
4.09496760574
8.55935516338
26.2829777156
-0.348395906858
36.9270469351
19.597067751
4.77533457032
6.96283677922
2.34871597408
6.96283677922
0.677107049451
17.5464162035
-3.59361586516
10.5015056518
6.95794358341
16.0474577262
1.64196293381
0.305858434096
5.94428559792
6.35406698066
-6.36991061094
15.3243243154
10.6501862637
12.3951420258
10.7268245791
-3.12423311778
17.0027596958
18.0615187067
14.5611307972
0.875895755731
1.45966208228
11.7378702172
21.8622324127
8.93904456561
7.23003882474
14.398256338
15.6558589234
6.85201958982
-7.05534208436
-2.35213783763
0.725353277127
5.7043970326
35.2145305532
9.81683597303
10.4699401378
10.4981088886
4.94046477719
20.3596347189
13.0246891836
139.462783884
15.0322246203
6.28577872911
6.3664376087
48.1834639803
35.4358000813
13.2123793455
6.90268755938
8.39636090419
26.7052542394
6.65949471481
5.21003858149
9.85400742039
8.87112762179
14.85083916
2.15088974907
18.4390276974
10.1274490745
6.14655235302
6.32157304869
12.6343272978
-4.27037404462
4.05350521152
7.87975386495
5.90601327016
1.9085269214
10.2880341422
1.97900302176
17.8044650055
-1.34074923459
9.89305387024
-0.688432338724
5.88049232161
7.50187902748
11.0079983801
-2.56321179053
13.3371822487
-0.0266225907887
13.8666185316
16.9667692226
3.67097555386
8.56532297149
10.8079453379
10.1167531507
25.5904516659
15.7033410771
4.61703815545
-1.80088159002
25.4395850964
25.2893938041
5.29363455882
13.2012625992
7.6106606372
6.67065981052
2.59308888006
8.15366346923
6.63927058792
6.63098293348
53.6717799505
6.83162385039
7.99768626079
10.7756664615
12.4300754791
-3.40640359153
24.2774069365
8.3993194459
8.76769095283
17.3667284966
9.1908889952
-7.39450445418
1.46503655187
4.1470687054
7.06004020374
12.3475394662
12.8948916113
3.16228377268
1.46503655187
12.4300754791
11.4866074183
-0.37891293245
6.82272676997
9.24976713363
23.0714433118
-1.09165887528
18.6782204115
15.6346620837
4.61322190849
13.2612286032
10.0800096699
9.66139155611
11.1116380057
12.6527490029
13.7195999958
3.66967141668
26.3714719191
17.8044650055
10.1616297823
14.298705327
3.40545339842
19.5170552798
13.2123793455
1.03789627002
14.5611307972
8.2296223816
0.777279663574
6.20139925894
7.82763774267
3.13933237204
-2.45664594948
12.6004796655
13.1468508276
0.876899506032
13.5441932954
8.23787639498
35.8348361001
15.2186502242
1.32128142707
-3.99927766685
15.3267733322
10.6180290448
8.39636090419
-2.33830160373
-0.226472271137
7.40313758907
26.4483128486
9.66139155611
21.1083185697
-4.11308218149
6.14503806314
6.57993762225
2.12194861353
10.5535286746
35.2334057382
11.1208751329
10.6637348875
5.75635702327
6.1603262439
2.48423825835
-1.58101857088
11.2169652183
11.7652939966
9.13663182476
12.0518779686
12.8406953338
9.46946932282
9.53885502407
3.41590684471
2.68513825697
1.5572122675
5.95860627351
12.6754823276
5.89148471982
8.39636090419
5.63789742844
14.5953086891
0.993740492465
5.28444251416
20.6329878453
5.83124711592
17.0051417275
8.56749495641
15.9980777883
3.03768820622
4.22610439047
24.2879914796
11.9601250257
44.2424190719
34.5719217368
4.65881635401
5.30072986281
13.3277259546
2.56432165505
-0.608258575555
3.54188201035
26.3714719191
17.8044650055
21.1083185697
2.65962737791
8.24923796639
11.1259705931
9.16322951687
1.46856339334
20.19374768
8.67658185989
20.7254236392
18.1426923247
23.7643313016
21.1083185697
15.8448426736
-2.27450470095
13.1781809965
10.2653771444
17.4272990077
13.2123793455
9.43342747324
-0.280433441493
12.2935660641
0.680151518539
11.0794508108
6.94195129496
36.886767853
8.59862751854
17.325442704
16.080406326
10.5904637545
9.6985613979
12.3697680334
3.57025087513
21.1196351353
9.96836415254
9.9791756649
15.7248064993
16.4282196745
7.37165867182
1.77479642038
16.4614197189
10.5956932447
1.46503655187
8.92468565207
24.0834299556
13.1781809965
8.85930590122
-4.945938743
10.5244780822
9.53594451665
11.9592594337
9.89933908958
19.809624359
5.7292931284
3.73660251444
10.0916707253
12.9626337897
-0.13340488473
9.73810106637
13.2441142346
19.8450177182
-2.86343247485
13.9086998201
1.46503655187
4.52463066397
8.60624582419
31.8329513683
9.9791756649
23.2303913816
-6.57067982603
5.83937642514
-14.4966057272
5.91515623117
35.489668157
0.788043139011
9.70668634138
9.15364393704
26.0480533794
24.2879914796
11.4254964389
13.3989115675
35.2145305532
17.4898013977
12.3564823152
14.0261111551
28.521085462
15.5601701841
3.87629714378
3.61715286808
11.8311796276
2.46408054746
9.74306636973
11.7049271767
2.13289790964
15.2495755348
3.73170128826
-0.591145316871
14.2216182936
7.82692167791
20.0596956364
9.86470916647
8.74269468933
0.777279663574
2.4751881594
6.75694367138
11.2335742056
-0.665009661627
48.3801811871
14.0389295232
2.65864975322
10.1847465541
36.6315906684
-0.97341891459
14.4726262311
3.73328090165
10.9557091812
24.3540800295
4.34519752118
9.8433986551
0.718868169814
15.8148778101
12.0968599837
0.190351474718
-1.06347799941
-6.24865845492
13.1539002294
6.96283677922
3.51197899655
9.72748010601
13.094061116
8.50955387617
-0.743909681685
21.6245556137
7.61113673937
7.80323652146
46.4547348165
7.94093473893
11.723249354
24.7463321969
8.34774617688
10.3527550326
-1.81410515806
16.7816006665
7.71857238028
9.66139155611
6.64966591209
23.2046250602
7.67732560065
1.37671097523
17.5783915545
12.3080628205
3.18542366749
4.68449229013
25.025512454
15.2495755348
3.9868067112
14.9094720707
19.6683354789
-1.18154009109
35.2145305532
5.52905370536
26.0520963624
-3.36710792003
11.3575773747
10.8489537582
0.994491717395
10.8489537582
7.51871423939
3.95416784525
10.5677683041
12.4118653377
10.1623041746
11.2087901654
-1.95833663413
1.68239902188
1.4606578762
9.46946932282
3.34107086749
4.53582572953
24.2879914796
-8.46974542559
4.73398007815
1.03750971151
4.65501252494
16.1831696085
34.4930818768
17.1571500686
12.3245056158
-0.351537053605
15.8148778101
12.0968599837
3.84064895771
16.1643901162
11.8378730657
7.99495423061
38.2276261232
11.7432805477
10.9180234655
12.3564823152
10.8948191033
29.0699856359
21.313774037
8.68227034837
22.9636697172
23.2763395362
7.50009620324
-7.79655883727
12.3886969848
4.34322395769
2.49441704483
10.1621644931
3.81190820751
6.56214480479
-2.69944168986
14.6489836427
18.2298489329
10.4950884738
9.74290521554
4.28659946605
16.0837981839
25.0452745125
47.9502072042
6.22168693429
11.7224574552
6.70397491553
29.4452599113
13.0047988899
10.8064755111
6.99913624938
-3.72239688502
16.3059699536
11.5766388366
16.3059699536
2.57864963965
19.9623701627
0.161211727906
18.5556440936
0.0059791299826
7.54366127926
10.8489537582
12.7757907956
9.15364393704
6.17585863869
14.5752959125
12.7058358273
1.76055725161
16.3059699536
-0.34542867215
12.4300754791
4.83508643658
17.499934781
18.7220901784
0.909179267437
3.5435976867
-10.804463799
13.3369147179
9.55108130111
1.62676006752
2.64340622826
71.4530432895
4.96191857785
7.91065723585
8.43637357798
2.06784606922
1.89248206318
10.2267523557
16.9627039999
17.1900282535
11.8518073068
15.2495755348
12.5161605902
9.43969885704
11.948827257
5.636873689
9.39851290815
10.1223196428
17.9561789886
8.19732687081
4.60777996787
-5.21622009843
-8.69943585406
13.8274993545
7.27912936517
1.36321368864
-2.33830160373
9.29531364063
10.9647236055
9.56239952361
11.5086549334
8.81066262132
13.339433478
5.28714718703
3.15555039636
16.0485862008
35.0736107106
27.3844795426
13.132011035
-4.04621048756
34.2756838592
9.02388825345
0.777279663574
55.5247964941
1.79501082785
16.7336131021
12.8070383081
6.19373809587
15.0406991638
3284.26784031
12.4300754791
26.3714719191
17.8044650055
8.19732687081
1.52551085052
4.12481506917
-2.27734679116
8.76253027711
21.7136839582
7.70756806412
-0.652270127896
2.59325077999
2.59325077999
2.17333038924
13.6765478498
10.7364586977
13.0846182611
9.66978149588
-9.43778491507
1.54331192233
1.48309137962
16.199075733
6.25578517649
12.979342306
1.16434166629
21.5719340881
10.2479023272
2.32389978205
5.11422790992
7.50746900071
9.11963594518
3.74759851704
-0.0669702650894
11.9231608748
11.0530041322
2.59325077999
-0.5741967209
8.78909019737
-8.18543801269
6.80603345693
10.2653771444
7.85701728428
9.09028376142
10.7736786999
10.2075873385
13.926665828
12.3380245353
14.8753768915
1.70247782049
15.5213424253
-0.636334293088
9.07892387553
19.1623981654
-7.1031242451
-7.51056595724
9.05806681203
9.21876192638
13.7063066423
8.07532424819
-0.474789058244
11.0700148298
0.704260627104
0.468239329545
3.64247353269
3.92261871478
14.98770189
13.5835257639
24.8126830767
11.6852934535
0.241851274585
5.80171274755
16.3059699536
137.590052149
10.0725071661
12.8723423987
-2.63977793237
10.8012125769
11.2306914329
10.4699401378
9.13594110441
1.63872561758
1125.08009327
45.0176521181
2.59325077999
6.44212889353
14.8535105776
7.86774287753
-2.28377884156
2.63028220018
15.9001216361
-3.49454233502
7.81811641548
5.21435302353
7.74984306217
10.4696628953
1.13374731547
25.6875624091
5.99900249667
23.0714433118
6.34530962103
16.8376893589
2.91076137216
7.95695739273
15.5221651215
11.3868362378
12.3422226028
9.45048772813
12.5128247219
9.04333461198
14.2991266931
31.9496359541
8.16149641427
-0.628239483686
8.07039041673
16.8050593988
10.2479023272
11.0051853601
9.9791756649
1.42127694889
11.0578331821
-0.235879049356
12.9450778141
-0.343843892246
18.4552340557
3.41234258528
6.15188467337
8.51826769995
15.5922334143
7.60746164764
4.66120462825
8.91736736826
9.05425426608
2.17485457714
-4.35378164448
-2.20306216401
3.08399078511
16.4978496995
12.0193900051
15.1521054937
16.2581918095
7.09235308685
14.2216182936
1.51579647191
773.766463104
17.2073474218
7.12907623375
25.8823047517
88.2416376266
9.18100690073
4.11453659338
10.9401151146
8.21343846465
15.2495755348
1.47422777899
13.2098441019
2.59325077999
1.73003602744
16.8427071672
2.45358189312
5.95255249857
10.5106086805
11.9281510843
-10.2713538196
3.18542366749
-10.9417314599
0.652210431323
17.337880903
24.8669981733
15.7077436615
-2.03733754471
-0.76288667628
2.59325077999
11.8460308293
13.5441932954
13.282516432
6.29678801176
22.8498027907
14.8275271864
-5.84390778447
10.2402950165
24.7394082967
2.14337252216
1.46503655187
13.924667806
2.63028220018
14.3729544597
9.57678486542
4.26597221947
15.6346620837
8.93713724077
15.5922334143
5.24200906256
13.9252537724
13.5225118807
7.25435205794
26.4896932859
9.9582595192
15.2656923982
-2.63977793237
14.1941803619
-2.76157854925
7.6106606372
6.67065981052
12.4685965585
9.2073058093
3.74401557513
4.55125860231
22.2728628003
7.92846050067
6.96283677922
0.677107049451
7.50009620324
1.04489623776
-2.37288168502
-2.68654814438
8.96005429049
-0.824200296935
2.05136034152
14.7686650914
15.2672783504
10.7857334563
26.654549499
1.9442138502
28.6483271984
-2.58752826482
-0.299602211187
-5.74038806348
7.34308189782
-2.8542415225
8.44831745548
0.693893434446
19.1354205727
14.8519171159
8.99126628289
13.6565393389
3.53181359771
12.6194165615
12.5211016017
-0.791167141444
9.37417013001
16.6697722204
6.47220940001
9.6793406987
15.2495755348
-4.61245894266
19.2418358981
22.4953343953
-0.739526765788
17.3786791465
20.6252825996
11.1252996609
-2.05043759506
5.53815514254
3.59124679665
3.94459893626
-5.21622009843
-1.33509295161
5.24200906256
12.2296689838
-2.94384326242
5.24447708891
12.1309570688
-0.494135327141
-0.085248221728
27.336617668
-4.03285326569
2.59325077999
12.3332534884
4.96671974897
-5.70371848449
9.28178613695
3.90756751607
6.57290731281
24.2879914796
11.9601250257
6.23216740466
-2.12230481834
35.2145305532
6.77019049806
33.429652204
8.14497689938
9.86571381628
2.46139149647
6.73029359611
15.8255395503
4.56626108003
11.8928637477
16.4916152035
15.6008610003
0.777279663574
3.88637079558
5.08562809275
12.0387598995
1.92975724059
8.45185356716
8.70421502105
19.0112896201
14.5611307972
10.2479023272
6.14655235302
23.411923178
7.38815378726
8.91736736826
2.59325077999
5.96274132122
12.7849477496
-1.33272820468
8.84597147735
43.1143450113
8.09731352703
16.080406326
2.13784699658
13.9696623783
1.3464337345
11.6627011595
11.7662804116
13.1525600859
4.12536753615
16.9118591947
14.0236756455
19.94138469
1.63585581995
13.8854901229
18.9336494549
7.63937241077
10.1809006431
22.3613166035
5.50242058595
2.25352538875
5.11075969561
8.7053266366
11.1882056501
9.20571032997
10.7420588499
28.762091156
5.47541238298
17.8044650055
-2.60530407404
-3.47546081667
9.76814491506
24.9681223912
31.5729818769
-6.03078985374
-5.16063311112
12.0832565675
4.9639226198
79.2860682404
4.29032665228
1.92060628619
59.3119520308
34.3603958182
1.3847246989
17.8471892785
18.9709360112
-0.140421098909
6.96283677922
0.677107049451
9.27533872608
-6.46777936245
4.51709326218
1.38289406471
7.50527998505
8.3657626377
2.72254131793
-1.33682200191
-11.6371383312
10.8489537582
11.2664443995
0.373647489451
3.62151781517
9.51949034903
1.93907178146
3.96524277024
17.1112407411
17.3820832408
4.68378733012
-4.03285326569
12.3816760522
-2.17923500125
16.996100352
47.9761122764
13.1235450464
7.90174699895
6.47790984688
6.81049839946
20.8855052491
-0.582389951905
7.3856066336
-3.46488974099
3.51933315642
5.6676593407
11.5632768162
9.28616220462
12.0387598995
12.4300754791
4.32533325631
2.21439188952
7.38537072516
-4.90526939206
8.91736736826
0.574679057188
13.1316109966
5.21824221904
3.20152072659
-2.51561566387
-1.33682200191
3.18542366749
8.85524449607
8.06901461776
14.5693875009
1.09162303892
6.40258731494
-0.82115976121
0.821376344283
3.18968955946
31.3764164274
6.57838654523
3.45181865075
1.46503655187
2.86226426943
9.3591279605
-1.22042793611
-2.02081992335
2.03207088133
13.5441932954
-4.42751087984
10.9856732573
1.6653639044
11.0270877983
16.9442267323
2.41664850986
23.8953119338
44.5020781874
42.7617647021
29.456913429
-0.226472271137
2.05136034152
15.3861405358
6.5158098407
13.8412854916
2.71874846168
8.02194988799
5.70453701269
13.2123793455
8.08368250718
10.7397462728
5.02708158247
2.7578815474
5.70453701269
-2.6649277376
2.83365001403
11.5134658632
12.7532785641
5.22083079842
0.206878861819
10.2207301124
3.0571707083
4.16908374034
12.4586237194
3.22332547842
0.327261020363
2.89250217674
0.0346189433666
12.0386636967
21.0750348146
0.883963989925
-0.407628795659
10.5078201769
-3.59289593204
17.8044650055
-2.74759469177
10.7364586977
1.93632523075
3.03065616329
-1.29637021831
4.64560035293
33.8177989629
-3.48974027785
3.75459683615
2.59325077999
8.27385651279
11.0644581687
-6.2229805428
13.5441932954
0.427493237793
1.15722235494
1.63280990444
16.4736377512
-6.77613318137
9.32883840991
-2.60530407404
13.5441932954
1.46503655187
16.5181888043
8.80882243771
3.88785125974
7.6106606372
10.6342226689
2.04722951124
16.268832893
11.8406459181
-4.2322908572
20.4366825364
1.77910904597
1.84622806714
10.4759945685
6.48809472444
16.4389896495
3.51532611454
28.4840788775
2.91511265675
5.70453701269
-2.90686323228
15.0334103884
9.60857242073
41.089691333
27.0211678575
21.1166946154
11.4761791722
12.9497890171
2.59325077999
7.65782530032
17.6308095307
11.5055388747
18.5532380535
8.91736736826
13.1599164229
-2.35146452078
0.45215655653
10.2143772407
7.38347487143
4.9816338957
7.78271475059
12.5021186087
8.7110880387
5.85367234527
-2.83720097823
15.4990195764
3.98159016469
-16.7366476947
-1.0904906747
13.3748123567
0.922311714068
14.6756397321
0.303220625673
15.6538024192
8.7692622988
19.9366312928
17.1925509092
3.48219823691
60.8431013775
25.8425989336
16.9584177422
0.213670230326
-12.2848968299
15.7504184085
-0.235696798933
0.357989633868
32.7795361193
-7.09297300631
16.6709192449
3.69945312861
2.83609925463
9.51996511377
22.8626088187
9.42919005995
2.41067418297
2.9522242375
13.4049509193
-3.54056215557
3.24505832053
27.2262195328
2.88920523266
8.86980106482
17.0065870195
9.68505513732
8.86980106482
5.72800396191
0.606642215892
61.396005482
23.080230599
29.3438677197
-11.3378581964
9.90020734989
1.33686979744
22.1643736839
-0.306697515961
29.6818857635
15.1247024256
10.314753975
20.0960650142
7.86310988674
25.032013449
22.2255157346
18.3997415041
25.5631714426
11.7435276822
20.5817552409
8.1503741851
23.5102317063
27.6039163244
11.0564536115
47.4129624732
14.8938353938
-16.6401546665
5.3408814427
17.4221695026
-1.03969978169
26.8684211339
35.1252859393
37.9911768526
29.420588524
-12.7025963247
0.961194350965
23.8353852346
45.5651097956
19.796343005
30.8984798118
12.0220402849
5.63620400436
17.4133292582
31.2339013041
-0.954917772422
29.3845613155
-4.29685771311
15.1452196873
9.48129945839
23.13761455
16.959472411
33.4870983679
8.19901493996
29.18698288
28.5154206828
17.4416253413
-3.64921018107
13.0897092704
20.0895868546
24.7179719527
308.627960965
16.8584603138
18.4849658779
24.7804983199
21.9211453549
24.0357815473
95.5119581793
-3.39802267912
23.2053341581
39.4464349492
6.40446099079
3.92266303093
18.3002082364
33.9224589762
24.6052023786
37.2029632746
31.5856823801
16.1965360635
15.874039844
11.0807680264
27.0784913739
-0.997601886087
32.4998401315
30.1713902247
38.9287559116
18.5773923559
20.9301757281
25.0235987437
10.7868611423
21.4986685363
5.87529649336
20.8080044016
27.0864222652
10.30169617
15.8805410719
47.213887157
-1.45435005604
21.924076453
9.80220659348
36.6745147121
24.0980120161
31.4879620779
19.5133931584
-0.214879141212
45.8758425222
27.6694296844
30.9160443265
16.1613435202
18.2883123692
22.6463271066
17.9926927664
22.614831289
26.4744905184
63.4243224462
27.7386829737
35.7034777546
33.4200428443
2.46329866378
27.589847553
21.7548879555
20.762219506
49.7179393747
19.9082476269
22.6347407637
6.40446099079
22.7725804265
43.5844052737
48.490944972
29.7778158143
29.4849569581
49.5049409778
14.6307705723
15.6257489087
12.1741201915
19.0395064492
8.07712965208
19.0790051761
10.2297450622
17.6877381584
16.7477537777
28.7649330826
30.7483709652
25.7010411979
23.5461693056
16.5625266151
2.81743450434
20.3174705738
20.0004471515
64.2703899294
16.1888774035
14.7413427567
25.7251278374
31.3932633489
22.7580332461
23.9047787314
28.1378700679
6.61983854983
30.7483709652
22.7649706976
30.5839254262
21.1572075643
18.3417498381
21.2739538909
20.7058114857
32.5367566152
-1.61107335274
34.3665350945
18.6260593349
8.13883086034
21.3373673092
4.25779366607
12.9099513259
18.2946911287
13.7009118725
25.2215714215
15.5388378834
21.4339419047
27.4584453491
23.4488700175
19.8760725547
-7.91724623448
29.907443242
8.13460248106
28.307345899
16.741387946
8.90765721795
32.0629459237
25.430524689
19.7478666354
17.8792034189
39.962469558
22.5779742195
-6.8601665357
18.7563950215
8.13460248106
18.7350130172
23.4227380983
10.4919053872
6.96595308455
29.3405877849
17.2243938561
2.38371157299
18.2911003555
8.30253162744
7.46416204174
18.1965097814
6.25772417242
1.81333938314
50.7392109681
32.9941324743
18.4406221411
25.5741013581
33.7121577239
6.57881080844
122.19824358
19.492786792
16.9426277964
18.5263353485
9.40791078042
52.4923399357
-8.64430226271
3.12089327526
21.7044449338
22.456460355
17.6770960773
12.8497722484
19.9963672556
9.98920484074
4.38641009634
16.4503545979
25.1990583675
15.6244332537
26.9122490927
14.2389547728
13.2838202108
30.2080574366
-1.03969978169
8.89700961763
19.5421632195
23.3018210527
13.9201451247
-2.95038894415
2.58034547728
-2.29474986323
23.2075618076
20.1609839348
19.5765782356
14.8316600641
8.13460248106
19.9516609571
18.1542361636
20.529978801
25.1364234865
12.1062601806
7.58332287185
16.5840306962
17.6133963348
7.02323901745
23.9145000339
17.4902737802
18.9210551105
11.3522973718
3.84013200195
12.2129323582
26.1820121257
36.3093314349
31.1769754964
8.10650762063
13.8829291425
26.41466908
14.6622159695
60.0598330777
24.1094748874
16.356777544
23.2687877211
14.8471287554
24.3976788612
8.17453674626
23.2200850272
39.4879202587
6.78819044282
20.0196959838
15.3730497298
9.40129656964
25.5088245993
38.3358126594
23.318086342
1388.44926677
23.9594983409
15.9304583847
-1.15810704076
17.9423516282
9.41448793227
66.1068146911
-8.98111037319
-3.02951277738
65.1618763716
-1.03088177631
25.7421476744
28.5843270978
-1.17110614821
0.707182425537
19.3581264779
-0.606340864698
28.7294224761
1.65910143628
20.0895117368
-4.01891501276
-1.03969978169
-6.17101164897
12.1331393845
13.4933022574
-2.55346057409
18.2936823809
0.615378665436
-1.00510399775
-1.17047042965
18.8685182987
16.9363307363
15.1447524509
19.7764075831
-0.600678846009
17.1143896628
20.2490679658
20.9027306579
13.0306349925
23.8568869723
30.7483709652
8.42961775622
-5.13906125713
21.5801791793
10.304834394
4.14667081639
18.5525063315
36.4846512188
1.77192614619
8.96180311717
2.54721325691
16.6271190741
30.7483709652
-1.98262639547
-2.7651825983
24.239342872
14.567747783
-3.76885676136
8.94491510343
12.2744045657
-14.1368759449
11.0524990211
34.5260192895
17.1376257886
11.6129566409
5.07501569755
19.796343005
8.89188551391
20.1262938483
-0.914814725914
1.68509819873
11.6387647035
11.0807680264
26.0825532351
4.36903562647
7.04197819125
-4.76258512004
1.17184450597
21.0390280563
29.4421901496
-2.07826684121
23.3158550992
-3.06560425775
17.8300629385
58.7137741848
22.8074844204
20.6882374928
19.9838618641
22.9894739653
12.8068953401
-2.09325901736
-4.73000526155
14.4315156334
25.7747010892
-1.86652681116
10.0622813361
3.51468647408
2.5680458989
22.0620243512
3.72111365291
1.68693931075
3.94905278107
10.7460833679
29.8947655777
11.6786017729
-0.39686968599
28.3749457279
6.15965701039
27.5820025104
-3.00604192643
21.0747536067
3.6831466158
5.18090914161
1.38163936991
45.6361262126
17.4590694869
16.1613435202
14.6622159695
25.5088245993
26.0395517233
28.5282177705
11.2116030088
22.4137521983
4.67235596734
20.2814245329
25.9039289668
25.3772185097
2.4507263376
2.18086329748
15.2686328711
2.11753034676
2.43208928402
3.23722173674
-2.61278461121
32.4545529794
22.6347407637
4.34516705347
19.5280065144
24.1052257297
18.6734299955
34.1149138411
2.4507263376
24.360013588
21.350651291
12.6108511804
1.62859680576
326.338805758
28.1959113355
4.94470038035
47.9588352949
0.487927312147
31.5056539981
17.578413828
2.57353252636
8.13460248106
14.5940750049
27.1656702424
9.07450181376
19.8736333292
1.10391498277
2.49253302299
14.815273217
17.6446296831
3.69917365108
-0.653928165958
1.80608354412
-9.73329183003
24.3976788612
-0.681124090018
23.4560621065
54.3738442608
29.5541608626
-0.047915826467
-2.07382030253
28.8101834035
25.8545518725
16.6794083893
0.914715704402
4.58745549952
6.51738222726
14.4946268769
7.01417330772
-1.16334364932
18.9107208666
-5.43091457344
17.2919400538
3.34622980134
19.6380485843
4.41983298021
12.0001299358
3.33714402375
24.9092082754
6.42014334122
19.1588566364
8.13460248106
3.24505832053
-0.619264557257
8.51111795455
6.949984883
19.9418174324
30.5373736299
25.5857017913
23.5602228664
22.3313980861
28.5537260105
20.9076333852
45.5672968341
18.3876185416
12.9937347064
34.8143163508
12.7241413258
29.0602632442
46.9597605114
23.4291379979
-0.363685533455
28.6100962956
8.21354963291
21.271127528
17.233005951
509.156777241
-4.1014810253
35.8927516196
25.2215714215
20.106105482
43.4101213686
12.3951421835
-1.57924104768
16.0012086732
1.50405186137
28.9195681282
22.7013950223
16.4606361661
23.8021657544
14.7837766511
24.2816479155
27.4781114419
36.4111430107
4.2887015078
17.270537211
-0.874629444753
25.5088245993
16.0488121348
13.0931441195
20.7785731161
27.6490165329
15.7985006093
26.6935168676
1.30383872732
31.5056539981
1.50405186137
-2.05847596781
-2.33461009426
0.956023198645
18.5872838655
3.28090187085
11.5256908981
18.6362010435
15.6521710146
23.8234310506
1.66617677613
26.0547027176
10.9352396282
24.4133741695
23.3089867978
8.13460248106
15.7860717112
24.5353045
4.43271124963
53.5517863266
10.1818941463
2.17650955796
15.9597613781
13.4407768894
3.07535076079
15.1597655741
33.748715922
23.7779793474
27.3409754554
-0.904149420422
9.40791078042
15.7782729517
27.0744877533
18.8146925421
22.0890826155
7.8581225753
22.4868230112
22.630335667
28.9195681282
23.3805077302
20.2241548437
19.2053194318
14.9225486086
19.8217600392
30.4742152081
6.27588773814
9.86903607087
20.9341966871
20.2606684613
20.405548414
6.55833608137
16.9855531349
18.4335864617
1.50405186137
-0.490519711338
16.0977732754
8.46285148557
22.7679925816
25.0307603411
13.0720687153
20.4907361632
21.9730484989
45.8045441804
2.10395651107
18.7469555765
23.9538714939
11.2434131617
50.0356842767
15.2738836792
8.13460248106
21.1921011014
22.6038067936
27.7935495081
-22.5228252098
4.85996288927
25.4570666285
5.15905038406
19.4888100188
20.9898532858
-4.08669548909
20.9312572188
23.3180672331
11.1782709821
11.757709379
19.9196328776
19.496374645
20.011589756
1.51378903346
23.9231664328
20.1290736404
31.7860563288
21.1652032258
5.37568581472
21.7930510526
32.0530182318
11.7994830885
25.501184508
25.2497437254
22.2509116404
7.92355869653
14.7564947781
1.50405186137
0.602544207372
25.8516165251
33.4437572516
14.7140743989
22.105132055
31.7860563288
10.3463528941
43.6949388745
30.0276066356
29.3162365111
0.561167139837
31.209720898
25.8429411048
-25.2664755839
0.576562718759
24.1299275676
21.8985267441
33.7717225629
22.0707355434
-2.49770146922
28.2735998429
18.1304101151
14.2977734444
23.4777610707
29.0494459209
8.89188551391
22.9736690145
0.316659679089
14.302959959
8.18294123396
21.4283407534
21.5761112227
0.848266688188
27.2483810694
21.4500322217
19.110343202
56.830078342
24.0260707539
0.732898173266
-2.80196645703
45.0868382204
28.9195681282
25.2944496748
22.2073152546
2.69698618086
18.470231627
23.8682652685
19.5434056115
16.5065689485
23.8682652685
22.9673150904
31.697029721
25.3788596823
-7.77017685893
19.3368802177
26.4023341711
18.9296142322
28.6053104851
14.7163547745
16.5941192441
30.251838751
28.1864547975
20.8678122189
14.3727414531
1.63260145128
15.6165600624
19.5705670339
21.8911056837
23.1069239095
2.14215878345
25.4805834945
22.4305381584
14.0387851902
15.0561002147
8.82110151398
3.56603557161
3.02075380973
15.2875401225
9.16408769388
24.8016296389
19.0129103574
12.9369358989
20.8708621494
25.6872970515
30.3507906026
18.9901143117
25.0455782575
-1.17444714035
13.9731199199
12.9188748865
19.3719421842
24.3199456754
20.3715254955
18.2731768916
22.318912493
29.5049261913
30.7483709652
52.822598561
26.2837491988
19.5325918719
20.8162054007
5.97471897556
18.4031098755
17.4838438967
19.1803306237
22.4483836798
18.309773932
14.3353017706
22.6544203188
3.54250157161
5.83259475453
9.07450181376
32.0388932207
29.9189765438
14.1218771067
26.838960166
12.2530587784
14.5937963733
8.0062528886
-10.8302593567
6.38179024099
4.81860463226
25.089313625
6.19211298491
13.9314604615
25.5088245993
19.0395064492
26.9582591494
10.9491335158
31.9625137757
20.2179946129
19.6030699926
19.2546810944
15.5232959057
21.3840753807
5.82971433048
20.1780939918
31.3599825942
21.2422923243
8.9795410095
3.04625595336
26.5320824825
54.2166392405
27.2665686854
25.430524689
16.466172575
25.0609545841
14.132739987
31.6469405094
17.038028891
23.1246840356
21.1578615942
10.9480260356
21.0023074966
21.3629123006
28.1673035015
29.6609225225
20.3920479619
17.3753422538
25.5452070042
-1.39616960485
-3.08200522907
23.7411561724
18.971447117
17.7522555773
15.8373480561
23.5555269273
10.7005405545
25.5057112688
22.6399472035
30.0556252852
-0.576311205736
33.8488968879
8.95670395816
-2.4978193185
30.7362405907
6.62645243738
23.3096043791
28.0383218062
10.7208103085
26.598037479
29.6532295118
7.69630484696
21.7866424287
21.1652032258
4.49656796633
10.8796657926
17.4718535985
25.8465106882
46.1572412645
24.6872881818
17.3705847155
19.592650665
13.7840950128
20.5359020758
30.2186868721
40.8982612861
14.7226653813
22.2315450205
18.8282818935
21.9699690216
20.2299041038
14.1633817672
26.019674341
22.3888379621
21.7336908286
28.7098837073
24.5884955125
19.2223156224
20.4068599072
18.6539574661
59.3182557201
30.7211724455
21.5508044952
9.32194093777
15.1204819873
29.0167399751
24.9966259048
21.8050041769
