25.4590034537
20.8508417803
15.9837766667
16.713552055
19.8218319266
32.9771472081
22.136204145
40.7420157778
22.4242915765
19.1443586508
42.0393431969
29.1519196612
16.6722549232
19.8581779708
15.9304583847
23.3938770067
23.0205892132
30.0971487429
15.7619930812
44.358185381
27.2237168679
20.3308570786
23.5491705671
22.7455395734
21.9731855057
25.3895246217
30.6788615351
20.3110009769
15.1247024256
49.6313720593
30.3690853969
20.4058965711
-4.05023225433
30.4011196743
25.6578433327
24.4124847085
17.8531033224
22.5397151081
16.0012086732
22.446056476
9.8993394466
13.389317376
11.9657889714
24.77958692
16.6260766261
48.773304387
8.28418173076
13.6500651616
24.4619642654
22.3119146739
17.3264837967
23.1270344052
17.1075678429
8.81955590306
21.5110214319
19.7673757874
24.0505496068
25.3585693858
17.6732579668
17.1952849738
25.1513645671
7.06639794003
9.2005972584
-5.81387508143
21.1176006267
19.923984545
28.3808142555
-5.65776017022
10.0298499749
-1.39295214239
26.0597066159
24.0285976432
20.4383494637
19.7764075831
5.31052379277
35.7759887886
1.46993846376
43.0059214744
21.6254903529
26.5076410582
7.58668180783
14.5911939425
21.3128059802
18.1008617161
18.6508774547
0.462288206625
29.3222203194
20.3174705738
23.5952877513
12.7690488538
-0.903134586899
22.9131595536
8.92260064631
-12.6323496127
27.6080133116
22.61993422
22.408263696
23.9528502663
15.1830945295
18.5249459953
18.9077087357
51.3287679518
21.4154348301
-0.171159829065
27.2396357648
10.4624087749
22.7275022092
19.7524774379
18.8491261289
27.8175317739
1.46503655187
9.19155292268
19.0422137291
14.5076750901
9.14473676734
22.9996395374
-1.03969978169
26.584870989
26.6786182667
34.3867249922
20.7868514189
49.7265334094
7.13677657183
7.81702668835
22.3870658462
20.4727602411
24.9484560085
8.46083991487
33.3390938065
24.068597736
22.6347407637
21.345528552
13.696896535
25.0099148299
4.14670643568
31.6615850531
12.6796333744
13.5452588844
19.4313298113
20.594838827
14.7166166646
17.0660713513
14.7960901661
24.8949158215
17.7074796525
45.2281133665
21.9420206453
14.2643427736
19.796343005
-2.82273911043
25.4072016989
15.0597591827
20.4861295214
10.2826517147
13.7664814952
19.796343005
10.4722744176
26.3857614831
45.3993730454
7.71957804686
34.3436070111
24.2096728547
9.65986246368
25.4546941184
19.333400228
20.3174705738
19.4363141369
19.6921908351
15.3723173925
39.3064209409
19.1797835453
22.0601906176
-0.235879049356
21.5241932711
7.16400934926
22.0367911172
21.9599041516
8.39634008806
26.3002381257
30.2850073512
20.615605084
18.4335864617
1.49157343228
19.3903037073
26.8404838801
44.0630735163
30.7471208326
4.47367569267
5.02916476808
19.3012470931
11.7804870131
17.7349484536
21.5202709957
24.6397286904
24.5092803141
22.9429236509
27.463896321
6.70226285347
13.5668760214
8.89188551391
30.7483709652
8.61817300339
46.2447854886
13.0766112085
12.0582464002
25.5088245993
24.6199326959
22.3870658462
22.3870658462
1.01331946032
17.89179642
29.6440904302
17.2596139382
21.4530153535
15.7451541483
40.4953667227
-2.82273911043
9.19964493586
24.4004669568
13.0360983532
21.097420539
26.5486929874
15.9081301581
14.9821151311
33.6449203639
8.30969143147
28.2889889181
19.3691813103
22.433900732
8.13460248106
13.8237776273
20.3174705738
15.2082708975
19.2181387442
8.13460248106
5.05563557276
20.301762887
18.8195861422
45.9237584829
9.0083362255
46.0379268587
18.0553692428
24.9836855054
6.91556092484
47.121100731
19.4045703747
23.1428483711
15.2232125679
24.7032626432
17.9169810119
17.0117330976
27.7737458226
8.85787972665
16.2772087543
14.4142449846
151.567996661
10.6637266768
20.1451961369
57.1269083719
20.9914931433
19.1484131477
20.5536260378
22.6347407637
6.04245012955
7.26501558866
9.98865069856
6.89887098183
0.229070211389
7.22679835668
16.8325180749
24.6036392846
21.1026405198
23.7773898052
30.7538702687
9.94348139232
5.8560789495
2.70690386979
12.469256156
28.9644864633
20.888374176
27.4542107439
9.85320717766
-0.214879141212
17.8848580684
21.7996019544
28.9974665289
17.5231638688
10.8736502677
23.1271971397
8.89188551391
24.7365591021
17.6460919369
1.55598919802
14.048718249
22.3870658462
19.0722411365
12.5822520461
21.9292785138
18.1327193754
17.5693004638
-1.67514221255
24.7315143725
53.9472127974
11.3327273817
37.2353637988
21.4919341102
6.63503322441
8.63384615142
12.2319173746
12.2744045657
19.796343005
21.0318233755
23.5260665321
31.3509944897
21.3092042445
18.4623730278
18.2614196775
14.2690074498
13.6311679341
36.3715514042
23.554132889
25.3149455412
12.5508754038
22.2473905069
27.0580749885
23.0990029354
29.3966875279
26.7119323032
24.397469287
16.5674418135
20.3174705738
26.2924354734
22.4027909361
20.5880027953
19.796343005
36.0769753828
-4.40708851456
22.310970744
33.7888501244
23.08191474
35.9078162819
44.5047019734
22.510255325
12.2530587784
17.0907304118
33.6856686582
21.1852215819
12.095252306
31.3512546425
8.47904643282
2.36694066573
21.1935790073
21.2632031184
14.61892239
18.9944073222
23.5269650337
18.79241634
-2.34594592432
28.7203536846
9.94338567418
19.1040931071
34.1149715178
20.3841248325
21.5624391483
31.6641793312
25.6578433327
10.5266445606
23.0137811987
60.0381572355
13.6171283641
20.1874928004
17.0272547786
32.2859840128
26.7749809944
15.8229472133
32.4801452736
35.3040623039
8.13460248106
18.9858688984
0.732898173266
13.8454302746
23.5712084852
17.8169395414
12.1472075625
18.5584485339
34.8755186531
17.1232489807
20.4615498388
22.3119146739
10.1448156788
90.3649569526
25.3272117803
7.58332287185
17.0923173317
0.248690946317
15.0315058273
19.713506735
21.2172827333
26.362423718
40.1992126119
15.6650711129
14.0575194361
15.4167379912
18.8927649908
18.1434000694
16.7524300743
37.609375168
20.8772673994
12.7772699297
52.0049088521
21.7674888108
34.1396057562
14.9624900598
12.8909684238
18.6025130708
13.3857484792
22.6347407637
-0.342608249652
40.4953667227
6.444711709
7.90897814514
10.2201365671
17.497141175
9.94338567418
8.89188551391
29.8407514682
25.8812040479
-0.370978967716
19.9433791521
9.2171344083
3.67238762379
38.0408600173
9.10962091539
-5.56749553512
12.4347275126
22.8959428774
3.8864518056
35.7255209677
-0.142144738533
22.1617069086
19.5705670339
46.3934092455
20.4445723804
15.5405633887
31.2680233566
17.7981940111
9.457159973
28.0111509557
19.0732552287
4.84062737505
12.1078729826
6.74640821129
16.5674418135
19.8164553044
11.2820288152
8.89188551391
19.7334027471
13.4671637037
24.8656665616
8.62059640499
18.5296647691
6.88815136692
18.2590020694
11.2804379092
5.01138586662
29.7813435201
16.9155367105
20.44179101
25.6873378279
26.7837419711
25.1542313849
23.0642555199
7.84230578772
12.5156289736
32.8027024155
16.7475479481
26.3906980004
31.7221115743
6.65383748604
14.4042111852
0.81778226778
19.7573199989
17.5165298306
13.4186419918
1353.28314342
21.9977652439
8.18660652874
9.69644615833
22.0734631474
9.44916685141
9.43709567989
3.97125667238
18.0519036237
14.2734282806
23.307927352
12.4347275126
-2.16663990211
23.8364061006
19.1878943578
7.69329234354
6.91574014494
16.1668118994
18.2406000583
0.470099987339
22.6347407637
-27.8116079418
31.3820441968
22.9865056531
15.9460365983
18.655845238
13.8209422067
8.89188551391
10.2742107848
22.5294168439
9.19319613526
22.16913771
21.6861459418
26.9470245188
15.3211292848
23.5269650337
44.6652614447
19.1460259573
30.5986130794
18.0071134856
23.6262440258
10.6561012099
13.7840950128
22.6480762449
0.0780827022919
9.0083362255
22.6347407637
29.8965954451
23.8474736926
22.5548655951
22.6347407637
33.8237305905
9.40850219226
5.6363938747
5.6363938747
24.950068329
15.7194663591
21.4946563981
25.0021450234
21.7501143245
66.1068146911
21.7072516211
17.7702312856
19.5245246155
18.4062131898
17.3130594225
0.88408035863
17.5231638688
37.8664036489
12.6714930459
15.9287413762
22.6262014444
22.6262014444
10.9687384785
-0.0243848595814
17.7513204602
21.9095105786
26.0429176113
19.1972900351
7.5505323754
7.91061395476
18.5275143185
7.16400934926
22.6347407637
14.5015126156
26.2665878976
16.9001922266
7.30482889267
-1.22874416711
22.5240561369
17.4675770153
11.3375912695
33.1553455333
16.6027339169
15.7194663591
22.207579069
13.5667510477
10.626448615
23.2728129374
20.3899718974
11.6818280936
22.4036011554
20.0824829027
-2.0854211269
4.97993283899
18.4035257696
-1.92580343528
23.6382609257
27.1993521205
21.5479772364
6.24813361203
22.393473068
29.9307212015
11.2774717343
25.5732099439
35.3417424876
18.2411072704
10.102614186
14.2734282806
18.0530118093
6.64629391628
18.5059065717
17.6107780703
18.6516987813
19.9118474339
26.3087468172
20.3982995781
20.0295339886
14.6140383716
47.5994740541
23.3334663044
5.47070136557
22.0330942215
19.7241375291
11.3900741002
23.094604895
31.9518077976
5.64089903987
2.93907107365
19.8002688981
30.6033352949
12.3220334576
10.1776270288
18.2505099841
16.8575061219
10.9540556139
19.4248706254
21.055309721
15.2482834348
45.7035794245
26.2465742676
52.4592535127
7.91993371909
19.495106779
31.2747548647
14.6622159695
15.5016032116
21.2366650813
24.998271944
28.9224847016
20.3174705738
13.5260859286
5.33413211737
13.1105130297
27.5975838378
46.2298268722
9.42968684757
4.0697179633
11.9258057768
32.3103092856
27.2035912049
9.59073097343
4.0288314906
-3.24308753557
3.6834618419
25.5088245993
14.2953469456
21.7548879555
-4.52775471751
12.3230637089
27.5467098837
26.7624192635
23.427028317
20.7199520963
22.1159671525
38.9366367466
24.0979743239
27.8504260369
22.5690918357
18.6663090894
6.10313201031
44.9123046461
10.9036905007
35.7034777546
25.1443790091
7.88185279254
18.8798096058
42.8491218261
7.34413389527
16.5732194005
8.56827039955
16.7889771805
5.25044257269
21.8392002588
7.22180542859
46.7364629367
29.246278031
17.8741178524
47.7627279707
24.239342872
13.3501975703
17.1347115849
23.8650620244
20.6936450063
29.793169061
11.1782709821
13.0897092704
14.6140383716
41.0145707201
19.7764075831
0.826872329202
20.3073383986
4.00122152697
5.22773344356
33.2580092107
5.52539288257
31.7636859752
18.704920374
22.6737440442
22.3612283703
21.2945175832
18.4913338115
16.2814707658
19.9176533029
17.8160284705
18.704920374
18.704920374
8.89188551391
21.1917661697
22.6347407637
26.1348032898
3.06138867356
21.885484175
19.3410990382
16.6496686865
15.3148386094
29.8592276033
28.1726385099
12.8194967613
6.59200920151
14.2734282806
17.2710035612
16.4633537873
19.5663874831
21.1487618712
26.7119323032
40.3296363436
18.8458805892
7.17924930346
34.2203905676
14.3619403727
23.6600271633
32.0691123728
25.0042259908
15.3849450796
27.7262377448
16.8028050724
14.2734282806
24.015875457
18.5907620229
13.4648774678
27.5323792552
20.5770845982
20.4168880375
18.9521027081
19.9111977038
28.1091114477
31.6325591702
8.20069103096
21.4017728518
21.9137049024
23.0956305199
21.3372098854
8.95655732734
40.9724971005
37.4802986353
44.0383112461
19.9410591558
23.4750224791
19.0814358475
31.4215575535
14.590495865
26.1951549864
19.3781069623
33.0471229525
14.2734282806
21.4216826484
28.1669078502
31.432704655
-5.08977222363
22.3307520648
16.9414878683
6.0373113516
18.1867735475
21.7974685049
21.6173022688
20.2542255332
19.3866069313
16.5404128152
18.3634664909
18.8458805892
3.69945312861
32.9053711454
19.7411555274
5.86567363237
23.6478371433
22.5588021969
-3.93033461947
18.213627228
14.8341493932
22.6347407637
16.5513819086
18.704920374
17.6652682989
17.7353802359
16.7260792922
-2.20279163882
22.9121422831
32.6732173484
14.4910291203
9.04220670349
19.1371677301
22.6347407637
15.5220107096
10.1633037014
29.0980971778
-2.0639357032
16.8575061219
21.8058526841
7.52142557201
26.0410557876
46.4612645437
20.2125628084
-1.17930128557
19.1269171621
25.1328856964
18.0177022608
10.6276149069
13.4699894941
10.216475051
41.9934010014
21.1469304877
8.15576503231
12.027665063
12.7102105472
7.54958699013
14.0937907686
34.3417426468
13.4066423125
8.8749062965
21.4296221157
10.271328817
36.2123580116
8.48330708866
21.4545603759
17.0450081022
66.4676535471
18.4536988512
18.5493114193
44.399987633
14.0142874667
31.9214169976
21.2841786933
19.0814358475
23.8817745817
23.7984258309
26.5010286024
18.4172317057
39.4317853793
10.9320368304
26.9506107028
8.6774812976
27.9513421052
23.3492753799
18.273839527
23.9551611475
13.7643940307
13.2792667728
16.8008566167
22.9639498784
11.2642272576
21.0700336851
15.3730497298
9.59601388592
19.266511221
22.4544627384
19.4285786704
18.7411154404
21.5348799218
25.4773257553
10.8919608597
19.0010753388
17.5049249369
6.52443792802
10.1245169519
20.5652034903
21.3922750701
9.05711920594
22.1783348628
31.1774055318
13.320323589
22.9707427522
18.704920374
81.2535193137
16.6651596119
27.8421820376
23.5756896108
198.944738006
28.6509953636
24.0962862438
18.704920374
30.7483709652
6.21864899037
65.9931609362
26.6279243265
24.5946637421
45.5765048612
7.94988374141
-5.79973859297
18.639271446
70.0070660127
10.9097536888
72.0209355383
23.3216349857
23.8026091002
25.3649104836
7.7051724989
21.7399665142
8.80778906938
0.871999185513
28.1058411054
10.2775987781
33.8699899258
50.0281400807
14.3517162706
19.796343005
19.2566007557
24.2575554715
29.3571117931
72.3772526689
19.8217600392
19.4257913522
14.7043720784
19.3144942761
23.7986729342
25.314997278
23.9312995901
12.0660413509
23.6056469426
10.0840907029
13.4648774678
68.0580027591
35.3491040795
19.2775117725
18.145027
11.081972293
39.186078249
-0.788553648396
17.3141162405
66.6317214257
-2.1187791992
21.4546809061
35.5611415998
8.89188551391
-0.614061065123
0.715177230579
4.92229004877
24.7718821773
20.7384663306
404.312826088
17.0219735678
8.43441969318
68.3556112812
6.55833608137
6.52443792802
70.9226854717
12.6000641074
20.4286083096
10.0765711054
45.4381978574
-3.90067350263
69.6232897976
18.3839992606
30.7066277401
18.585147088
17.6275257416
22.0321983125
15.9076734886
19.0081498041
14.3692316445
17.3934311521
42.1710774323
22.6347407637
16.2779353563
8.22521350485
-1.20073912769
30.7483709652
32.6276943642
20.0339499074
18.2250994096
36.1245273886
19.7764075831
20.1297862488
19.2680949531
12.6960539015
26.931796222
-1.8305025194
22.6415877904
70.6131014733
21.7109274244
21.4736815714
24.5028900433
-8.765838252
18.7627566151
16.9801912718
22.6347407637
8.20011710073
68.853143106
14.0257449945
69.1278767784
32.8470926768
29.2529969583
21.1814309136
71.6640523236
14.5077845381
71.5215777251
22.2020162277
18.828809144
69.4662303274
18.6342352606
15.5902782846
22.5956006077
16.8575061219
-4.27333984346
26.1278977797
70.3324791347
22.9535271336
21.8345919447
31.3841498903
24.8603041505
21.7406206561
22.8979552803
9.53865265411
44.9620609848
22.2514322959
22.3928842855
36.0562207562
14.3196417937
30.7483709652
18.6405541761
22.5390757502
18.9396814839
64.4233664802
75.3112320075
16.0449156899
23.293818377
5.32744542078
19.3534775778
12.2319173746
18.6435928639
21.6054772396
20.3136271481
68.5125327228
-2.5397690467
8.45776213928
22.6810017541
343.282932391
17.9280214903
10.6181690815
21.5262368942
32.8507598476
32.374529124
9.62033247059
74.3671141319
32.7443878485
72.9939426736
-5.58499265931
22.5463030527
2.15368707116
72.4336110581
14.9436971205
35.8389956331
30.3875386169
30.2260489699
28.1144206598
6.89269158649
8.13460248106
3.05806140121
18.145027
22.6347407637
11.7907395693
27.119468553
23.6142216912
8.49387747502
30.7483709652
11.0219969094
16.1865445919
39.9503118794
20.3174705738
31.574936193
28.720457202
14.2734282806
6.08659236034
30.9627791034
26.1808144393
1.60922959687
24.0505496068
8.89188551391
6.52443792802
28.3060044751
31.4099130046
-9.78356674421
34.2494388764
8.14401031196
24.0771257313
32.4374183802
19.6477226035
45.1695761015
35.7334591015
11.4426368587
10.4143884175
15.0846868619
32.0390981711
30.9601979062
19.0209641972
4.00315928878
-6.90356739653
4.86653241718
11.7847453083
21.3415863146
39.8379438222
16.7101058662
36.0483929968
30.469070204
31.4503468188
8.82442751039
36.4617136927
31.5245736606
12.9171181627
45.416877678
11.1526304545
28.634320158
19.7839726728
36.6338960603
22.6347407637
3.02069170974
7.11008384777
18.955739652
30.9627791034
20.3174705738
24.158836345
43.2306131955
46.9999576504
27.6503290197
8.13460248106
11.5093645626
11.7834207876
30.7377986583
15.7859345928
20.1931370536
18.704920374
14.2734282806
7.44588574841
19.7764075831
12.2252066052
25.4443791662
29.6039932803
43.6052894241
31.4719072927
11.095280511
33.9889696357
1.62006737586
23.6871045683
21.6328166311
21.6218109808
-1.03969978169
1.08219985395
28.882727901
6.48378501422
1.48865784714
36.3951043735
15.1119872684
38.9177905981
12.3977456085
21.0188607615
31.6836660519
30.3875386169
-0.786222727642
17.2460665682
28.2576864887
12.9200679355
33.5945123364
13.9587861717
35.5460349794
18.5847322306
19.6286665695
20.3174705738
8.01687041004
10.425170217
11.7446361787
16.5596274003
-0.420826106696
8.13460248106
25.1295602531
13.4126622241
29.2408793498
30.1075187525
21.2957923912
21.1421303179
20.688464687
32.2433495596
26.7509447265
73.991848718
20.3034133765
29.3405877849
70.0070660127
31.6583028465
-0.837558529755
18.0965993002
20.0638534361
32.2606384002
35.3501846777
17.2051781467
20.2354194218
25.8022648249
24.663235634
20.3174705738
23.0560290854
12.1282095823
22.1349836498
46.9702064863
21.0188607615
33.8054466386
11.1371425
14.9088664399
30.5870256423
71.1310874868
8.89188551391
29.8665966838
22.3119146739
9.0083362255
27.6455028641
16.0263292824
9.07450181376
22.3357133177
33.4789988573
4.01086046289
19.8057045251
12.5910487229
19.9715963789
36.4860586865
17.3778043584
14.0316306087
16.1115978149
26.6290104373
20.4927239478
22.3645293055
10.4143884175
19.2848003337
4.51801883003
13.9484849122
14.7978780195
8.52822596239
26.6622727279
25.0161672536
22.8396440014
11.2964174319
16.4209733914
14.6148328716
18.704920374
31.087717863
13.3294698272
8.03935541202
15.9477758049
20.9396166641
31.0592923903
30.9693606118
20.5378815382
19.1055473959
25.8591016178
7.61946428504
8.02469555452
35.4461316404
19.8057045251
15.9516338671
25.8013973027
22.8383066782
17.480074843
71.295697609
5.64572893867
16.0282345336
8.59114633659
20.1451371262
15.5570240998
8.58335651978
21.6236838507
32.6958029862
24.6478986907
16.8551260273
17.4469012616
13.7549154604
8206.33070383
22.3313980861
22.3586676209
32.8027024155
21.3060454556
18.115589349
16.3658055749
9.29503360452
2.06013440147
21.9056457625
18.1318717782
27.0931430041
24.585843577
12.9893494317
20.1869070255
28.4841063457
34.8977531342
20.0793014857
8.19931972843
16.4801357837
20.7682551535
35.1405846266
15.4734721965
19.492786792
29.553711405
8.20069103096
19.247331469
17.2314035819
14.7565043563
36.6430048553
14.6622159695
31.167730572
16.6721152603
24.0426040377
14.2734282806
19.9838618641
45.6361262126
23.2260882862
15.8542591463
54.2207322586
44.6600931507
8.86980106482
14.8826650611
23.4253375512
39.4117987561
35.8759104561
13.7337706817
19.0081503944
21.892867874
8.93400952651
21.9072304634
14.7103865194
7.54910946393
19.0490695463
40.6693721652
20.0714096455
17.5771950826
7.62729057715
-4.52127280337
7.5217584132
6.13150968379
20.5238898603
8.13460248106
11.1874855088
33.2810863272
7.41604409396
9.86731850575
19.1344353908
16.1613435202
20.9299125741
19.150156869
10.4170291037
14.5254467157
39.0370910118
14.4910537145
25.765089359
22.2942012291
70.0070660127
18.1104222286
25.0030546098
27.5719778269
10.0548266356
10.5211541392
23.9676191377
20.6335219815
-2.17798044167
-11.1291308085
15.7712309037
15.920125113
20.4059173247
43.8291667098
7.93021053467
32.1819235045
19.8057045251
21.2426143831
8.71351435486
45.6361262126
17.1464278048
9.42890829009
8.8358078979
7.21742347567
34.0712089163
18.2262195347
27.6455028641
35.0793937417
20.5536260378
22.2754841258
24.4796432061
34.6571839465
11.0376525914
13.5623013494
20.8616902579
63.7902422314
24.3314953657
25.5966247723
22.6262014444
22.6262014444
1.68466195025
7.02689122349
32.1125357292
17.5892946597
29.013019755
27.6039163244
21.0188607615
73.5475263936
17.2521160093
10.0852044209
22.6665524526
12.924026663
31.1502827569
22.3871539715
35.1405846266
12.871230587
20.6723012066
17.0554320881
26.1357800508
-3.11042566891
13.4489442253
2.74455972788
30.7784585773
17.0554320881
-3.73116758704
14.8519748695
26.4724397981
14.2315082796
20.6644079802
28.944685656
0.617286529172
7.48022241608
16.6778314589
14.4012778982
21.3688138524
36.7222928032
17.318768958
16.2321859384
18.5646610473
19.2588462147
104.42600412
20.1680125047
15.2325711424
35.5657168931
23.7869109383
19.1218425008
29.3073290371
10.7978755632
23.155626915
31.2553417298
20.968651127
15.2325711424
18.704920374
30.3875386169
54.3667706573
17.1312906446
-1.03969978169
23.6208105473
20.4927239478
24.0180484269
28.2987679311
22.8321521383
15.6456843305
45.6004689135
21.0063736684
21.042828792
12.126702778
22.6347407637
17.0724070243
70.2351561545
58.2531818136
29.16136281
21.5754616902
6.53616104446
24.5004841654
22.1175323914
10.6442407265
8.06077873446
18.4939701085
21.4024258537
31.3992976377
16.2931852129
72.7899950785
60.8080207376
15.5599933304
16.3342616925
10.0448542738
20.0798073052
21.2145586194
35.9728007497
9.51718085715
7.59619040342
19.2455515054
8.13460248106
18.704920374
18.8822832472
43.2050761772
43.0264856713
15.874039844
19.1688752838
23.7235937922
2.0667950768
23.2190512393
12.9585398192
47.7409725765
30.9627791034
18.497652567
41.0428984723
31.7603822317
20.6460133751
23.335237269
9.28773009308
17.6032625633
33.8990398206
8.63645897723
27.4215675811
15.874039844
32.9637270858
8.13460248106
21.3464542123
12.3607430587
17.5231638688
18.704920374
18.704920374
27.6247586878
7.12203757896
19.4119283541
0.447459821741
24.8273683811
18.7568065458
32.136428796
21.1603933939
17.8250153545
14.431081658
24.0669313005
32.3686741408
31.6417419756
30.6551434759
17.0542739156
16.3342616925
19.6489671134
32.9673929609
21.0669858952
32.8006534771
10.6512234814
24.1987553935
12.1944670074
22.7180011546
25.0902906226
20.2589016993
6.65752182608
22.3144153822
21.8685426704
11.2360359877
21.6535849413
33.6738112099
12.9171181627
33.4724173488
20.0751075707
22.6262014444
29.4551558242
31.7200621362
21.2123647924
32.0585531171
21.7789773219
32.9673929609
34.1381278159
19.0970842471
20.2914902015
14.6607526567
15.7874676123
2.9475765223
14.5041385723
32.8535171496
6.7238386415
8.95660276128
18.880173748
30.3484496316
10.9100463672
7.05528323889
37.6908611992
33.8391501055
145.657211092
9.81880641334
25.3816832539
21.8691075485
13.1552918284
7.69466714405
19.7839726728
11.5313135162
22.4589114344
25.9902380163
20.3500627159
26.5569466591
38.6634731641
34.79160483
19.1125886377
19.9551341914
15.1093257434
48.4982556094
-2.4998473294
48.9067136489
18.300737627
31.1291323656
23.155626915
21.1462961258
20.264630826
17.1878904972
21.1538849297
7.60638944282
24.9154088268
21.3759612877
301.112484933
18.6149150984
15.0240062671
23.3297511904
17.9828547016
29.6954809213
7.11376709791
6.58846313762
19.492786792
-3.11042566891
15.8070744873
19.7193499256
18.704920374
26.649740755
17.0287963687
26.649740755
3.55468265962
22.3153427705
15.0593937827
35.5400338146
24.314320854
61.1917960285
52.5581393036
22.6347407637
19.6529538338
30.3875386169
20.82367646
15.604022404
10.8977770005
19.7839726728
24.8135424104
15.874039844
22.4229024056
3.40452884718
15.5448950911
43.2306131955
37.4641436284
32.7443878485
30.2793467191
10.3217377194
31.7860563288
17.8027474376
7.97385563379
18.704920374
0.0734039042077
18.9732443501
15.4383499837
12.5328951642
2.77759391393
19.8006122146
13.6547970033
12.9976452843
28.464735755
70.0503942538
71.7291240478
19.809624359
30.2591743638
32.1246541434
24.213035936
16.2949885174
22.6347407637
48.2816913546
32.6321271154
17.2681096558
10.7955278831
14.0316306087
38.0892699747
22.0977659093
19.2222149256
18.70756262
19.7852759591
20.5817552409
18.5141320961
614.018704171
17.0065870195
22.6180947438
40.4594184361
15.920588951
16.6273522012
19.8232942551
53.2158516999
49.0497490381
21.9278444753
19.7839726728
19.4116077436
29.8542383724
37.7835356814
10.3264130016
34.7823371715
21.7620107546
49.4210215488
10.4853750833
20.8537806557
5.9490196419
16.1613435202
20.4340974774
26.4116194826
22.3471499899
19.0813495245
24.1206056659
19.9945490668
7.07256820764
19.0873730138
20.4092213219
28.1173725092
0.617286529172
12.0456270474
-0.0243848595814
30.5746944582
28.3616245771
19.7852759591
21.5367297498
30.7949192217
7.37024259917
-4.08226145732
29.8222066921
30.2985088508
8.13460248106
22.8642704642
10.3217377194
37.7853658311
54.4672822502
26.1149870734
3.59986019802
26.0547027176
31.7200621362
21.2529573738
12.0797800763
29.6957305956
20.7724971455
14.2263933884
16.3291166029
10.0058371471
32.4987985122
10.5530677349
16.7408087086
4.90934504239
8.13460248106
21.0707133922
10.3631525693
11.8993356701
20.5536260378
10.4804693107
21.80706309
40.8066852874
30.2550290746
8.8746381246
18.704920374
22.9632056176
42.5604002208
9.93888237454
20.3174705738
37.6791429831
20.6124783176
17.7074796525
9.65866817691
19.0880127045
28.4430159118
34.8826141251
20.5213058192
28.0535643103
10.9036905007
14.2734282806
20.2615566025
-1.03969978169
33.3899335764
11.5276997356
14.8401920313
70.7323476596
19.3618284157
22.2188114164
15.9804405954
23.9846746762
2.50523155141
19.2294311799
9.86731850575
5.7560167956
18.7248810564
24.1184007014
26.7242538928
30.3452671411
26.0713258685
32.9405320787
-0.763780593526
17.7839284638
28.5820482854
29.4447641351
31.406562384
-3.68489076492
14.8401920313
18.145027
19.7199949859
12.8465511074
17.7462382595
21.2364667497
18.0307982301
19.8682403543
14.2734282806
40.5329878726
20.2589016993
1.21390075951
15.9804405954
22.1996764498
13.1105130297
19.4464469346
22.9685224287
29.2411650567
28.0792069496
4.2044011061
17.2861867304
18.4277967415
27.812228095
15.9804405954
14.0980982034
5.58165750551
-2.04858972324
32.0557058947
8.97332299871
22.7115843484
4.66449143119
29.3073290371
34.0904763977
16.1537617827
29.6888998007
31.4136943151
1.31542604221
4.91272120595
23.7237175313
26.715024421
14.5745705032
22.5999438957
4.1202419203
14.8401920313
30.1882589148
20.4958481401
21.3302201774
14.7226653813
10.9119317082
31.6160610257
22.8802758974
25.2843186374
27.7499687856
20.9419465956
17.7026366006
74.4338733155
2.89448774053
31.7200621362
6.43109514823
15.9804405954
18.8704311556
13.7061441431
26.7519631343
13.6975881172
15.2415180827
17.7746031855
23.7634527526
4.84062737505
8.89188551391
18.5267394763
22.6347407637
27.621966429
15.0975403525
30.7949192217
21.4480978769
-5.83812460721
0.383750053284
10.4170291037
22.892569645
44.4212185074
12.1016225704
28.52184179
26.6326099855
6.28429593212
16.8357152566
16.759466647
0.687938586042
47.4599663131
30.7977187625
20.0986859886
17.1286605376
-19.5668217759
13.0438658585
22.2533554721
15.7978737293
17.3468613002
24.8724015315
15.6878193544
47.4599663131
20.3174705738
19.1371677301
17.5522017333
7.9372145921
50.6047285198
27.3052108413
18.423879412
24.2320413898
21.0683960465
8.13460248106
27.6760081552
5.7560167956
5.7560167956
20.1501361528
13.8398932499
11.8683993116
5.50388877033
29.3073290371
8.41028591736
-10.4534604153
35.8988144348
-25.8716984057
-2.8060661219
20.5455678465
27.7638306482
15.3759538304
10.7069768455
19.5594826366
14.1467087436
13.0224283985
19.2739762897
25.3805975609
24.2264625126
30.5476940501
30.3049513234
39.5351317985
21.7567974259
18.5002566615
3.81270381488
19.4936949475
31.4039562404
19.7952988206
29.5664621326
14.9496626273
12.2013659383
13.6326574585
19.9944798606
16.1528213846
22.997772208
23.308112928
9.34733540998
47.5960495584
8.89073747686
2.44668828456
23.5254622425
4.73245169793
8.75387890392
8.45865788735
22.3153427705
13.0732448765
12.8906682969
25.7040399557
18.2222253669
3.9496118117
10.5463342718
23.6565607155
60.923557945
18.704920374
8.81749846812
29.7856077534
21.4111047503
21.9508787394
10.3016433579
17.3198806083
12.126702778
18.1358981945
19.1944611327
13.0354272452
18.1434000694
13.3066073639
53.3483654856
22.6347407637
38.2768537319
12.1242355647
17.309698114
25.4429909838
8.09084287808
31.8268356531
19.5823294388
-0.0243848595814
5.45606246282
20.3062894858
22.207579069
17.5631584508
22.6347407637
35.0793937417
25.6761765825
13.36396123
27.1543693897
5.54045485679
10.2708527224
11.3927537019
17.5387201001
23.471588659
17.8435206487
17.6503337693
9.83111945197
13.9022881606
23.3791272647
29.9219795051
8.56567192278
31.1817066037
19.6360608004
21.1793787384
20.9272475554
11.3927537019
33.5080665621
17.6274544157
21.1353296409
18.0019150767
14.8401920313
18.636396312
32.570177147
31.406562384
22.0342146597
-4.73543897207
24.7752957491
5.7560167956
19.248000195
19.1214088175
18.9566738042
-4.73543897207
33.0835640652
54.451765713
12.924026663
18.3894393193
13.3209945171
10.9463348249
20.2247567982
23.9997726568
27.1438874694
8.96789081597
22.5856747484
15.5974750641
17.8748798312
45.6361262126
16.0190679434
20.8968231692
3.9496118117
17.2482884441
6.78437020152
10.544902801
12.1406111366
13.4807295104
14.8471287554
43.9723533235
18.2473770847
19.4173975823
10.5312182564
12.1863077441
17.9208968397
48.672699242
16.6356050841
57.3816814011
0.259541211401
26.3220105927
-0.936288676654
16.892108175
45.7758365382
41.3145318255
-1.48397721836
7.95550144415
6.47919246851
25.5087328271
14.9897597558
25.1665517072
29.2304210983
18.4900788409
-2.68154409752
25.1443790091
15.5974750641
15.8538857228
18.8860763626
30.7949192217
16.3775584539
19.7764075831
41.2324539206
40.623924044
21.1927277154
14.3019959155
10.6561012099
11.5417875344
20.9879284078
26.1894134185
-2.09342058591
