24.9984819062
17.5554040652
24.8529815957
12.1534601202
18.3948389104
18.5049932999
8.13460248106
10.5883434337
27.456163291
50.0281400807
26.3581028954
19.501585647
21.0616052747
25.3212876942
15.84410973
32.9788959481
21.5090559767
31.8764232934
11.9277923234
24.3215257967
25.3993839928
14.8738106078
23.6526536918
11.4538047694
32.8262583586
24.239342872
11.3927537019
22.0707448438
17.6003853299
10.6667339747
18.2333719981
15.2494809614
23.1101207482
8.19931972843
20.4340974774
6.51432030214
26.5545018868
30.7483709652
16.9206211242
25.766967153
14.8401920313
26.5306722929
9.73631619233
12.586770077
14.8738106078
31.7930180803
29.4997539996
10.2150592393
28.3410824263
15.8277282934
41.0952192011
29.3786503553
38.7944231281
5.7560167956
45.9611156323
19.8336662761
31.0910037237
25.819367045
28.1918918396
21.1755690862
34.8758891189
26.1609191015
21.1948769781
99.4864366962
22.3435877821
21.1137320899
24.239342872
13.5298314049
8.74483310015
21.1755690862
22.2710741901
19.033104734
9.33786955178
34.0738659982
17.9989012161
25.9841750084
32.5150225374
26.1903653422
9.502116133
26.5601878522
25.3848063762
3.29037773155
39.508898134
18.7113855228
17.3719397616
93.5236528318
11.7502353536
33.1289077698
21.7862730351
20.0401077993
-3.11042566891
32.0303138395
19.8678056739
21.1759291174
22.9819950393
22.6347407637
10.5759241107
71.1680109149
16.9091564205
9.36900417171
7.49159591865
14.4850940791
15.0795779282
24.9966259048
23.4857053746
20.3062894858
6.23643604514
18.8792750185
6.52443792802
11.5509790125
21.4635737835
22.3833446003
18.1235336244
47.0831414249
31.9625137757
16.9683594057
15.9297166162
22.5008373703
37.6711535927
30.7483709652
20.7372602922
-2.81331720771
40.4953667227
15.1053253268
51.3013452843
24.0189837117
10.8543229846
6.12725025873
7.28198729166
21.8103744218
25.4886347996
18.0058439615
25.9212704794
15.56874329
16.1324453851
30.4827494372
24.9100655892
9.42451734293
21.0669858952
20.7708240812
11.8639017663
22.5008373703
15.9804405954
-0.699678167319
15.7322330318
39.2459283584
32.3266999478
21.3380239554
12.871229948
23.0524892389
46.2437051683
17.3534276187
24.4158729571
18.1122324131
19.1207804901
17.3502868523
22.4277392831
26.485616363
31.6527128716
19.8675893235
10.5809327118
-3.4764172251
22.2865330804
19.1744947173
25.9765195794
20.3429053307
7.60638944282
24.5265372342
32.8623617331
21.212317902
64.1025548399
15.5974750641
20.1673610079
22.4298983772
2.72264254832
17.4317102656
23.9459311565
29.5170791643
36.5143795311
29.7101673126
20.0495216411
16.4900271724
15.0401887583
28.5245683777
31.6509937944
32.5612131361
20.2117407989
24.8410363316
-0.652699616101
2394.50718698
11.0088351523
30.7449434636
2.38251136766
33.4963626547
22.1307092129
7.78723685842
22.1538349523
0.103493081882
30.0846262034
10.8543229846
23.0026545971
26.1882684041
19.4790904717
9.34923222115
17.7986025285
5.42409091486
18.6982760673
17.2145805865
12.1239592003
24.8170784598
44.4140561719
3.70772196411
34.570371974
22.3874329087
8.1521712771
23.0383016111
11.5264393265
29.7104062125
27.4504137311
21.3538957581
20.3062894858
36.2123580116
19.4794555948
29.6311273617
31.6592819228
25.6544999435
12.2718324997
19.4790904717
68.9916223119
37.3111832293
20.2702391205
17.8544281747
2.83774337603
25.1948947615
20.4970027567
30.0400854511
15.865774957
11.7719853879
12.6423070466
29.3124544833
19.4612588719
34.0852798057
5.22729946738
39.1662048321
28.8629064289
10.8543229846
21.9392926967
20.7602522482
9.69639952547
19.8902882148
12.4454798598
23.7855550283
26.2404555335
17.9989012161
17.566599682
24.9025050113
34.5935033056
22.3266155564
-0.283559524447
43.1233355447
28.5163964701
12.0566922062
22.8019138015
17.1695668582
23.3453596286
32.3086206246
24.8949158215
15.1318571583
31.6509937944
28.7872443092
21.7048463958
19.9227400349
5.20282689925
24.129750328
27.3725576676
17.853997659
25.4213444155
14.9962991892
8.68522283108
19.8561005327
104.059563192
20.5064374949
-2.18517350506
-2.41721025491
21.8491999095
22.6347407637
23.0417469215
16.9001922266
10.1532167364
18.8910996184
31.6674061351
18.6655032923
34.4423062643
24.85871618
35.1159844778
20.5536260378
27.2368167317
27.6734441119
35.0110439795
35.0986287346
17.3198397952
12.3617404516
36.9625022318
14.7713204062
31.6509937944
31.7604373905
23.6109747178
10.5544943959
27.8589317364
6.33668786148
24.6182859162
23.6577576352
19.1923912966
21.1087206919
8.43328251976
53.9900792445
21.2811000884
17.195639489
32.482851467
21.567447415
30.833383995
22.563886702
14.7811115491
14.0345418224
21.010667088
17.0251244168
24.0847929087
26.1497195859
24.0769729152
20.268412042
19.2736463106
15.5974750641
34.4155965974
23.2868962132
14.8401920313
31.098424831
30.2155078557
28.064678955
26.5031469347
19.4310750223
25.9496316802
6.89435553579
21.8566100376
24.4954145193
26.7280170524
15.3689598078
11.9686885276
6.96371354693
20.0680967271
6.46260404166
19.6253930851
24.6662512855
24.6493582596
27.531341693
16.5134208528
32.1151806133
12.5910487229
8.87444529004
11.2450458948
21.4030510239
21.8766683394
3.98506726433
11.4092907874
21.993402543
37.6108478365
14.3109198703
32.5422802779
15.0796264085
26.5566693181
35.5001585746
6.74894354038
4.09178430244
23.7855550283
30.2532895811
40.871666486
17.2250325095
17.2680846337
30.3633039386
23.5877949977
21.3812881957
25.1443790091
22.4272125805
25.3320197016
33.7106744001
21.0058970629
31.324583653
47.7791197728
21.5059684011
22.7248792191
30.9236243392
25.3805353852
10.8983159237
13.5846989229
26.3642909385
26.5731742935
19.7965315401
16.7511250787
28.6755404079
25.7474752547
19.4970083761
14.1893833846
61.5359521197
19.8807141981
31.2747548647
0.565006069818
22.8019138015
26.5731742935
35.3426454062
17.3664181423
16.5674418135
19.6479338367
24.8298844722
10.2150592393
22.1823284322
2.25318894144
13.7083972628
9.76408508042
21.3473500384
18.6185657744
27.5436216994
8.15337347179
20.4282135888
5.1515995096
24.6493582596
23.7338774562
8.38094016714
13.7549154604
-1.97692747825
24.4427179293
20.8224781634
19.3615049242
22.9023294329
28.02528836
25.2700898801
8.12803075141
21.1045106395
13.0920180602
23.30395288
-3.99774387208
-3.99774387208
23.4847047282
-5.41241935745
10.0622774599
16.5768335129
27.1651802593
19.8549087079
23.3560741403
28.3996275908
48.2804573037
28.1135674713
22.9609882243
20.4322472196
24.3716688271
22.6697375314
16.3062019088
24.9606441578
28.7337472538
21.8792185373
40.4953667227
24.3759024965
18.3814895846
23.2868962132
11.6937513431
11.0706338065
24.6493582596
22.9094212134
20.2008637563
16.1613435202
18.9566738042
13.4143645378
23.5284997011
8.21240449087
25.8907815574
14.3701514075
-2.20935822213
13.1477470893
23.9489090362
37.1084110846
12.9939633485
22.2104123729
23.9172185769
27.8359643892
26.2595339037
19.2481654237
25.2592541806
7.22961783895
6.36011641584
15.874039844
-9.95572130575
18.4355418573
14.8401920313
8.67033623006
12.2887397331
8.20058602105
13.2417505947
21.0311344973
-2.8622104669
5.07023986909
24.2317218804
20.450147971
44.1335690705
20.0680967271
12.6309963273
16.8123747065
43.424746208
18.5263353485
18.4106367936
19.796343005
23.2093858961
5.12583035522
42.659231327
7.47713763258
22.1456990458
19.8057045251
22.4294070572
32.520456261
25.4660032914
25.8769706625
22.844256976
14.0021549372
6.96371354693
22.0030705332
5.66363191591
22.6347407637
21.2771431401
15.8613560638
34.0468252611
13.9634543117
8.89188551391
32.4022201071
19.6360608004
17.5577088101
14.3375061826
17.910946871
42.0153210963
21.8154167226
20.1627859785
26.5731742935
19.2237172494
19.7734513406
16.3525321772
39.508898134
15.1785476316
17.0287963687
23.3533949401
13.3720808544
12.6423070466
7.74187431636
35.0300945064
16.5064384202
21.8766683394
11.5491329616
40.5733540681
22.513565271
31.5853784587
39.2733132171
7.96360546548
32.3821653544
22.5136782489
25.3805353852
24.5922958824
32.1797254271
26.8689549778
23.6083684731
16.1471124597
9.89962978871
3.08633698301
30.380370776
31.9880163427
25.5727784447
8.03380078563
21.6161777819
31.158946704
11.1867559021
8.40637588114
26.5731742935
20.9204064031
16.6368948536
18.9566738042
16.8123747065
21.7394110739
12.5648218717
-2.97120848813
17.2349431235
26.4921519181
24.8318845732
33.392766926
28.9748877065
23.6831881585
33.9699632912
22.4454634079
14.75943797
22.5008373703
30.9236243392
57.8327905469
30.295970719
8.20058602105
36.3578283915
33.120773999
19.0291867668
30.7483709652
17.0207987887
32.9735553449
14.7000619165
17.7754141114
22.4383778997
6.50680329591
27.3280351458
24.5811886327
14.8401920313
26.3524113718
22.99531636
4.66449143119
13.0508017159
26.929869469
20.4427899891
18.0963127302
32.7602168178
33.4724173488
27.729136401
5.85145140392
14.2860752989
19.2427816674
38.5848824147
23.3518387978
19.7917285391
20.2234417265
109.002866864
30.0758782022
13.3385875343
25.0642472987
16.3771792009
19.5647802732
1.21206349005
-0.0243848595814
30.6588690027
49.6354751283
15.0547727361
36.9479193143
-2.55131065636
29.1960239507
23.7460331703
19.8751921045
27.9843726422
18.3455558587
15.739125969
20.0620405322
10.7905581976
16.6449141511
32.7026038027
17.2069858037
35.85162565
30.6518057312
12.0487607706
32.6919365747
28.620795688
61.9217869333
32.4602996823
22.4058112247
18.039025047
32.7170307189
23.2866460394
20.6806204426
20.6664493136
45.1695761015
16.4964090018
56.1982346347
30.6656115248
62.216849475
28.8146368477
23.5120445652
15.3164408549
29.6436041427
20.2403896391
28.0433582262
9.8707786945
12.2408671724
17.6889951128
39.556065014
23.3481358576
1.6721624708
-8.21227696191
20.6806204426
31.0527139153
27.8374821153
23.0218114996
36.1124387094
24.6493582596
42.4508359118
28.2179035404
29.5114645942
29.6375082091
29.1291738481
25.8387765194
4.58238866209
27.9546855549
-2.1187791992
44.8908521034
8.87444529004
23.5286223988
31.7860563288
22.0183685251
22.9187223418
32.2620044986
22.5008373703
26.6014871844
29.7476865969
18.8876965709
30.7691654869
8.9216652308
19.0203023561
26.8818994857
14.8401920313
21.1772567006
29.4113504817
15.6605497753
22.9244925756
1.61310704288
13.5676727718
41.7528448128
12.4658456485
2.19014989453
24.9685727763
19.4900812128
35.3501846777
31.4008514875
20.3062894858
35.2214710846
21.9703847312
22.2485142308
32.695709635
11.6684446327
10.4094132658
28.6379191016
19.5109009998
11.3729874835
25.5990552379
41.4051480146
8.19931972843
24.1873076251
20.1889034382
39.3384955211
18.7227386501
1.92067455234
24.6324741038
20.450147971
26.0769521642
20.3174705738
13.0668492384
31.8999785337
-8.19221670178
35.7300150843
29.2987640136
14.5737589885
11.3948300341
30.0004655929
4.99850137675
6.7138802793
18.8583479219
19.7764075831
10.862415932
44.114146489
27.490399453
2.96898471643
19.2330578218
30.6332689997
22.4859300077
27.8673428209
24.9481069974
16.3665610314
-19.7281833484
28.2917182824
5.03531919888
9.98640056824
14.9721612274
3.33115710075
9.40897965611
14.8782127549
31.7481907637
12.3758228665
40.0860704086
28.6379191016
14.9512043167
33.0601117863
31.1029063806
11.5930622392
35.7437030368
19.6114928148
3.50065751956
31.5948226464
26.8134993745
-2.04279384219
1.4961259438
22.3245361444
23.4697558572
9.02445866514
23.3735224813
-0.920992009256
5.26484581659
35.3444071083
19.4520360221
18.6542179087
31.2796021191
32.7602168178
19.7786138194
37.2978533641
28.6379191016
12.1011329834
7.21150194462
36.9533056231
11.022332763
14.6533732245
26.2910622668
18.024664726
20.4958481401
19.6718976874
7.35315333021
28.1291265287
-7.46495027244
24.6493582596
35.3288328279
8.17327016136
22.7743083209
8.39821929178
29.79002674
28.653200565
31.2424151408
24.6493582596
15.7805733866
27.403146907
17.1452169779
10.4143884175
32.6919365747
-5.456372467
15.8900178183
16.719537081
-22.8504275033
19.492786792
48.6800229592
24.1578336954
20.9550233261
33.2648505034
20.9519756159
30.4256871072
13.6259806742
17.9341922382
17.9172743442
10.5266445606
32.2947296883
26.8044946554
50.4312235322
17.3287230979
8.86077804002
32.7576508333
29.3602807799
-0.570146737098
11.5465782579
18.2978292624
15.4479062281
20.4958481401
18.6069443403
17.0341592795
28.7153862274
30.3901000274
-8.19221670178
25.2410819994
38.6804751613
31.9270497799
11.1587114483
20.450147971
8.50752675345
15.572425646
10.7102242665
12.296661518
16.3117417639
26.9764529439
17.1652723417
21.3455233783
16.7359292816
23.2330146107
24.0111662747
14.0818964487
19.1613369933
22.160858326
7.66586984924
27.5765640025
19.4560254634
23.5163592271
15.6908228418
33.782819128
38.1473408095
10.1234691624
22.6347407637
30.4988284163
0.617286529172
28.6379191016
-8.56056665093
23.7663296185
17.0288939867
11.4876996194
-3.74608872212
29.9042875919
17.8002266176
22.6347407637
30.0758782022
7.78662814894
22.6347407637
23.0772362179
32.4791996887
-0.920992009256
16.1147492842
17.428201817
-9.0789837374
16.1147492842
22.3776456552
-1.03969978169
26.6876720991
14.6439813164
24.8238168693
30.9236243392
26.9409127818
26.4777975141
28.6379191016
11.5130429998
15.5687065122
29.3602807799
19.1914596462
20.1501257199
17.9718636193
20.8540840813
28.4916016305
25.2066946675
26.0520529725
18.1482558472
25.7181886245
21.6342657488
29.2315917325
11.3723164597
33.4270528639
3.12692477462
-7.11209353769
12.9823519109
38.5800207813
43.1834004867
27.2851416003
25.941880675
4.70978806393
27.3725576676
-7.06679779147
33.2580092107
25.9336528511
19.9076439247
25.1234955068
30.7483709652
19.964239732
18.6669873259
26.7987333306
29.3332013169
26.9483761719
-3.7010033935
32.520456261
20.9289258116
27.9529466925
11.2212455568
20.5962696721
17.9989012161
29.0562882448
-6.97948377286
25.4166659155
39.4121755048
20.8751243482
11.4081757221
19.652815024
22.7089774205
12.9649156259
28.9871982214
12.8561152539
19.5661204739
26.8746542666
26.3867772256
7.42050681501
27.1467056611
25.8502339104
25.0231468692
26.0001123699
15.5974750641
8.13460248106
25.4666206807
19.4622034068
-0.633836166683
49.1608815753
22.8694075169
21.0390280563
25.9591321778
27.729136401
25.8237102777
22.9272924582
26.5731742935
22.4741842453
-0.0379641769274
23.2133971011
26.1947866055
26.293419964
21.4929425125
18.1321682215
21.085371768
23.7252870701
17.5628141249
32.7294994268
35.3402081423
7.22743631944
24.8323143457
24.0672948328
27.7575474226
18.9566738042
12.1862295552
20.8647821623
16.5708761414
19.1702425892
26.8044946554
30.7483709652
27.6691036188
22.6347407637
19.8967016804
-6.53523039092
9.47139201306
28.2157777256
22.7265127368
13.9183696086
21.0155937873
29.7868282297
19.5098368582
26.9678113386
23.4544201032
27.345629087
28.5015485522
26.8364572083
35.3151769821
23.3268802777
39.3384955211
57.1302420717
28.6379191016
-3.38880463004
12.9900808244
12.2064293034
28.938111699
27.5581638904
22.4920341419
16.3452328516
27.3148521832
26.2552904074
26.3454973779
22.9664477032
32.4842184517
26.5322427905
14.5161002043
18.262443594
24.6346885282
25.2298089386
24.6222905265
29.8205735871
53.2931214332
33.9843761335
26.6329804001
25.8795002261
20.5230601085
27.5364001121
25.0003471622
21.0586735434
37.2042006427
20.4927239478
-8.71852781717
39.662989482
32.82703711
4.28094545984
22.8473915516
24.3649057607
29.8140538389
16.9713706375
7.61046256873
21.985770391
21.6535104752
8.67255210304
25.3922704579
49.736381641
29.7438552498
23.4090524871
10.314753975
26.8481245705
23.0158854925
-0.142222058828
13.1604972967
27.3397661939
11.0121702232
48.9428729828
17.7355768449
29.6988207394
26.3146000723
31.3168477032
29.7084452338
24.6775309935
28.7282282807
15.1447971939
25.5936142292
21.0586735434
13.3298516772
21.703694057
13.1477470893
-1.11647244672
28.8016487801
-1.31074701814
26.8134993745
27.2602380761
18.9565186686
48.5598059111
26.123955121
20.5482467124
29.9026562067
20.0655622532
12.9268790854
23.597363798
5.72248026483
21.3362687545
18.8417106507
24.4220986325
26.7071950906
25.094595195
6.75220263558
24.7420060406
19.767904039
6.92264693127
-0.125334592109
41.0960280614
33.4887148624
23.6322118959
-8.92207423091
18.8808025985
27.3926558488
44.4432679545
25.024569881
21.4866644299
29.9077327528
32.7151558318
48.303101742
24.5456339324
26.0765418656
25.9996223019
17.205389819
6.92264693127
20.226622263
21.2534579992
26.1490575213
29.5295086291
18.9567941083
0.694084678094
-18.8299100121
7.67992996411
22.1633383022
21.7284093958
21.1679032554
28.1292522326
21.7111689974
1.42215444961
22.1307092129
-3.41959047058
21.2867643113
16.4038689896
33.6236730157
7.76064081081
21.2418173094
26.8824602923
26.5770809867
29.8205735871
11.9594085091
33.1497800318
26.2403633823
18.8531981491
25.8153045647
18.8531981491
21.0586735434
21.0586735434
11.1782709821
17.5111202216
52.5184209552
1.00533107082
-10.8020334073
37.7325183396
22.5381309036
31.3165143229
18.9185174095
25.2557403695
26.6021273474
32.3856517762
20.2052895114
33.6652091641
15.8548719759
0.233683941524
34.3417426468
8.13460248106
9.1299253421
23.2035893868
36.4098540553
28.3603532223
12.7531633712
28.2387133208
-8.8561786146
4.7714304846
18.4328981437
22.3748527532
-8.19221670178
41.0366703695
23.7604663561
32.6336079303
32.1114678156
37.5431067291
21.2753505324
16.5708761414
17.5459079601
28.6848293515
0.640456454325
24.0053901132
7.85562554606
26.8948446602
16.9703520807
94.9656943713
25.2745365466
34.8992951183
24.4548805596
-1.49030538948
23.3897946567
28.4745970232
17.3678234579
21.8203071435
-18.8299100121
20.6270067804
13.837939845
23.2821703643
23.5049845021
28.1626586633
28.6234072868
20.5803292633
16.0578157547
43.9723533235
-6.53523039092
24.1351720164
23.096322342
-6.20656438564
30.5888364835
21.9162712567
28.2418156357
58.485873485
28.9143128272
24.411709974
27.9445903993
25.8323345158
22.3484034381
23.9683472669
0.617286529172
27.2426291901
18.9629979224
22.6671009389
20.6900530151
25.3361887881
28.5080032777
67.9957994397
30.5136550017
18.1094138532
16.93092587
53.0710593604
26.7452296882
32.4462953135
-5.96602900343
0.617286529172
21.3512768734
24.4954495223
22.1182944809
9.07043612768
20.74087353
16.0578157547
5.65848714398
34.1032951856
4.7714304846
-60.5148459479
25.8166464626
9.53892359571
18.704920374
3.54299940645
4.99333328273
22.9547102269
27.3899193416
24.7134427634
10.4737466828
13.8002991094
33.9403580731
69.5586557087
23.1938162301
13.2025809118
11.9097505916
24.1657855406
21.6185991006
1.93163106435
31.0582557079
6.0526376519
26.1614987425
23.09943731
34.2435534822
15.3369030822
30.1798093367
22.1007486842
26.7355251384
22.9316936451
25.1820528141
17.6472537231
4.82604394014
10.9693778243
17.0928302529
-8.9753910832
23.6351452158
24.3604343495
26.396165865
20.056178185
21.9860072517
15.2949128664
8.06113016295
21.2145586194
24.182472579
-1.00425520772
29.4006123361
20.0039198255
24.4983720947
23.2035893868
32.6336079303
24.2755857384
29.7332995784
35.363827189
36.6417040286
22.4464704525
24.8852447429
30.0758782022
21.0072143925
22.6066670828
11.9338599358
-19.2011126301
19.2258176008
27.2572365266
15.7997377079
-5.4608906123
-6.8208843102
25.3495787427
22.5659931204
25.2410819994
24.8198005482
25.4046488709
26.8044946554
26.1082914287
25.669947437
21.0586735434
20.2949843554
23.5716487148
21.5754616902
26.4599260112
36.6629396004
23.3920242463
27.0803406965
35.7157876768
31.506305652
20.3748381654
25.9458618987
27.8713432322
29.1229979082
16.6974708368
32.6000009103
21.9508787394
-4.80183704659
28.620795688
31.3743905938
3.82127753309
29.5534160532
20.6806204426
25.9983650322
29.6735617044
22.3812099717
29.5753762095
27.6677970408
33.9166501976
32.7151558318
20.9924681849
61.1164207641
24.8015988751
26.588421578
21.0586735434
29.9913201025
48.5236360438
24.2664275389
21.4247471808
19.8206420872
25.2410819994
17.3646971935
23.0096968633
20.5582072845
25.2782744322
4.34098875894
52.832744946
10.690397996
32.7365048587
21.3831299429
19.777859784
34.4449467925
16.6364556312
20.9486937671
18.7029390261
24.9204075271
19.7953440709
18.4662963673
18.4090899851
8.73086551943
16.8440272968
20.7091306424
22.6932847311
21.5547782091
27.2029868147
26.1295390035
31.6385624148
21.7586796123
20.5384736015
21.120873858
18.2784597032
22.9446541543
21.7586796123
20.3579278481
19.5067816752
20.7091306424
23.3495086434
27.0982673256
20.4858811623
22.3640587674
41.6229552855
24.5450752085
18.7615876279
18.1098214672
19.0240014062
23.4988022946
25.6820422899
19.4835680566
24.0477514531
20.0136825754
18.1694046702
18.3379372979
28.1685030258
16.4617841698
30.2565946678
20.7790286331
20.4650867145
17.3089530671
19.247331469
16.484776451
22.0062176364
27.2701133028
18.704920374
20.7091306424
58.460922388
20.316939847
18.6844005658
15.5974750641
21.542084464
20.7091306424
2.09905739894
22.562794337
21.5521597945
22.3259273677
19.5769419086
10.0584314361
19.1310226878
25.8170326879
19.4489053439
36.6945749304
20.7091306424
28.6379191016
21.549354428
23.5132198178
22.2354996426
22.8689828231
20.7091306424
26.8998956865
-10.984387308
-9.21654781619
22.8033338951
25.0484574511
8.86980106482
22.8033338951
20.0188207037
15.4373281616
25.3424587241
21.9785833179
25.0827938298
26.8044946554
21.2124119156
23.9179857935
21.9315694604
17.5324673092
18.8777346842
19.8816717967
27.6933976596
2.52951084362
21.9144419917
22.6228364931
20.1398661616
6.03778125342
5.60887499856
2.79093254137
-8.19221670178
22.8033338951
17.625492711
21.8854345574
22.8033338951
17.7896521578
20.1151889984
8.82864168443
22.8033338951
16.9884203621
20.0209579257
19.777859784
22.3640587674
29.8959426927
22.4290333968
21.3010291703
20.8924477596
19.8274610773
18.704920374
31.2464538134
22.8033338951
17.3847240362
11.0484290866
26.9042768111
22.0763160188
22.5002302353
12.2658994982
14.2799668315
17.5444572352
22.8033338951
23.7083392689
18.9873877062
25.6772662738
28.0914775041
25.4550301701
16.0264213723
26.8044946554
29.5249927622
19.3474090335
31.6292583053
23.0007269542
8.40637588114
20.6806204426
18.1496835833
24.1734076888
44.8529079881
15.5159659275
17.5804063692
25.2463404842
23.4007796206
21.2147870197
19.0522060722
20.7091306424
25.0872753406
21.8561181038
33.1176528847
27.4787179426
32.7151558318
49.9873154046
22.8714498257
19.3164813457
20.7091306424
18.4448818361
27.3498010733
19.777859784
27.6866053914
26.1606993291
8.86980106482
26.4762263941
20.7091306424
25.7340319125
18.5190377415
20.6855128736
28.5556511686
19.8217600392
25.4865277455
15.9808990557
17.5342877055
20.7091306424
20.7091306424
19.3719045483
1.97009305675
24.3783958026
24.2683178577
20.1286523267
22.4754384374
20.7091306424
20.0296779512
21.3961557074
21.5472908155
25.2632825357
28.9833491074
20.7091306424
20.7091306424
18.5938195242
19.3400818693
45.1951687725
29.2105464277
20.7091306424
14.7642446128
22.2354996426
9.9862789671
24.1445168391
29.1694181092
20.4054227371
20.7091306424
19.7553273644
19.8779876615
14.4924106566
20.7091306424
20.6636434532
24.0124606945
27.345849434
22.1833848571
29.3952174967
20.7091306424
19.9316132149
24.9687893647
19.9106486684
20.9474338268
18.5022586739
20.3320502496
10.5738878939
25.4469475463
18.704920374
19.6111196285
16.3105093792
21.4723417287
20.7091306424
23.0726618227
19.2703093433
23.2187688878
14.6604745128
11.4328676469
23.2187688878
20.7091306424
19.5729912508
22.3785823505
3.51962682902
37.8141686212
8.11546827674
24.1445168391
22.3640587674
35.5897606814
13.3253853496
17.8498990714
19.6742680378
20.7091306424
23.9456462625
-3.43303346252
13.3012233021
16.8829225337
22.759986828
20.4168880375
20.7091306424
24.5226476785
17.8787730635
23.2187688878
27.1071238421
18.9727453588
18.6071821043
17.8524373428
21.9361629525
22.8694454554
25.5781348264
20.7091306424
23.9456462625
23.7464675587
18.3403250935
19.1030134179
0.184669312032
21.6332996341
20.5991311984
24.6297871925
20.9869860938
25.6642374317
18.737274519
20.7091306424
21.4867079975
18.5704135375
20.0751218258
25.3223198332
20.7091306424
20.7091306424
31.8364983901
37.1789578174
19.4011577338
24.4657290897
57.1353041937
25.9210515647
19.769568682
22.6642305191
18.3403250935
28.1521009681
20.5341553645
15.4780053779
23.5461638072
20.3688511272
13.7664814952
21.0893332825
22.8244567185
22.1417748908
20.7091306424
19.9648139548
24.4453750956
15.3842726764
17.9989012161
15.0681554661
20.7164059928
20.3327192244
22.3083198557
18.2265525338
22.5530487188
20.8999816967
20.0516657939
20.6866904621
22.0998696622
16.5360446898
20.7091306424
20.5928949868
29.9620581092
23.8728376456
26.7560749986
19.3897786236
21.5610523578
21.2937390971
18.7447159768
3.61401775795
26.8078853832
26.6678505425
5.87986412616
22.6092839387
22.0775416206
21.1312252476
23.2260442382
22.0998696622
22.8694454554
33.0411204748
21.1647731892
16.8913550466
18.2724690872
15.1071005297
18.4692787072
24.1632859085
16.3658998019
20.4907907289
20.7091306424
20.4511099077
23.9630767119
24.9268720594
21.1387353259
127.182027797
22.6289596682
21.3057877654
21.3498065474
22.8033338951
19.3377844453
9.86566645678
17.1201228081
18.303502727
20.7091306424
20.7091306424
20.0083982909
20.7091306424
18.5015222256
26.1994587271
23.9589461789
21.9812237695
14.5684720449
29.3323871986
21.4410425393
25.2052975228
18.1095844147
18.2076724045
20.7091306424
22.4509102105
19.7019789424
21.0355616853
18.704920374
18.7402711179
24.0663698288
19.5574828415
17.3847240362
21.1755507164
23.4151372253
21.8974662875
60.9738203089
19.993177002
19.519906326
21.9533386855
23.2187688878
16.5853256756
31.5390003882
16.3133576265
21.2290278579
22.5671903651
23.7820974706
22.1948154484
19.9808224661
18.1925834296
22.2548413133
20.7091306424
21.2572156994
23.7820974706
20.2343881165
27.5906308365
33.306592442
24.051057127
23.277438012
25.4370255956
25.7726727025
23.7820974706
25.025479053
20.8419881587
19.2651494453
20.582479186
25.511951745
17.5061138333
15.2342030969
19.3093149778
22.3640587674
19.4729295976
20.7091306424
27.3498010733
20.7091306424
19.777859784
20.8756709571
21.4001918143
20.2713239946
23.9456462625
15.6308188031
14.9051084957
13.4461629117
20.3810728853
31.0724368682
22.7939105528
20.3824739383
24.6045903016
23.3072628797
3.34759580787
16.0676460397
28.6379191016
17.3533354717
6.06861937255
20.1595096118
20.3577250867
20.7091306424
25.7340319125
20.0136825754
18.7031306999
22.2166994622
19.5840318793
7.07157732857
20.0465167309
21.9762559562
21.6297923655
44.9507808866
23.2326091758
17.3473924531
19.8796932829
19.7574538018
21.9891676434
22.0056433665
17.2654910805
21.512973006
20.6039598897
20.7091306424
23.1567551746
43.0049464322
24.5678471819
30.6147915381
25.2644391876
22.1490502412
22.6671786128
24.4647718198
21.5381132077
23.115116082
18.5742575612
18.6405059692
21.883503783
16.6662862828
16.1855790467
26.3599381303
20.7091306424
20.136860793
24.4019507372
26.8972707227
0.0443679612689
13.36011902
14.8401920313
20.5351428169
20.5865128173
20.4390105909
27.3174708851
22.7945937323
20.9282147707
20.8183712527
20.7091306424
21.430401182
20.7091306424
31.247109031
24.8343289334
18.9527388158
26.1295390035
21.6205776725
20.0136825754
17.5878671802
13.8738018083
20.7091306424
23.1254012228
23.3990072748
15.1046172661
29.8480883065
21.6090658068
19.0167446537
16.7286594368
18.2165399649
38.696692661
20.4478193703
-4.6708378636
30.309240221
12.4733098315
23.2353837332
21.5891844988
25.8668999826
19.8414786866
28.6188587548
13.2626921446
23.1892920487
27.8145530398
26.5731742935
18.2307269237
52.4707796153
22.9558531703
31.6405512415
17.2106622733
20.7091306424
25.9844408127
24.3254751301
20.7603168373
16.6918114627
21.3336171226
19.278356022
25.7043020334
31.8950670775
24.9721230063
21.5524783558
22.1847945315
24.4263536197
22.0998696622
20.7111312904
0.524307134296
21.1732865306
19.3967250755
23.0175944934
43.4759987697
18.6656656362
19.3156167885
21.380561377
20.450147971
33.1677399149
21.241938877
51.4378915329
12.6505269375
18.3998748714
18.4712039897
20.9541636991
21.7586176491
4.81380272659
26.3729622676
3.65650413564
31.0335201593
69.4149904599
20.7091306424
26.8868220363
26.8868220363
19.4490694426
19.7577511009
20.7091306424
20.7091306424
26.8513480823
13.9365532857
21.8168064817
19.5800773747
9.57080114429
20.7091306424
18.2651078542
23.8896944435
13.5720294897
19.3435932469
23.1569184133
20.7091306424
20.7091306424
23.9456462625
19.5495636299
20.7164059928
21.0305851437
12.5262118793
8.7370548728
18.0964058128
-12.9658411559
19.4793040078
23.5226386738
18.0198649257
27.5162637306
21.6567429371
29.7889575758
21.066829662
21.3427764775
25.1728729107
25.0435631275
15.4915033396
19.1627738904
19.1699994711
20.4300086846
21.3427764775
21.3427764775
9.00889807692
22.2461808311
21.264442256
4.49862411701
22.0533450526
10.7927385193
18.9886135163
26.3505471562
19.1247906719
22.1728481556
19.69881122
17.7524540449
21.3427764775
21.9774598555
21.7794946892
19.9838618641
19.7472149275
20.5093697497
19.8377756149
22.4450765291
27.6391776475
17.8467323804
19.0496963914
26.2998891264
26.1785181534
21.1415237571
17.1248895611
18.5913146975
23.1514188045
12.7365927735
21.0310873451
17.4072990392
26.1295390035
19.1521116124
51.3205611996
13.5349213941
26.1080413785
21.3550652576
-1.15810704076
20.7091306424
1.98839471872
20.9800911169
7.89096494706
20.8483398527
33.0292716926
23.7694134719
20.7091306424
34.560985572
23.2648495314
25.0001064925
34.2092160001
27.1839605337
13.1556637947
18.1224895496
22.2742616498
15.4413556566
22.6658718233
19.777859784
22.2923335585
19.2125386857
24.3303123603
21.7183607405
20.6691292258
11.139979134
17.125506102
21.7533596027
20.4774848182
17.2835402302
28.8424977788
20.7797272093
18.34502183
21.3914296914
19.8011039211
19.5429536077
16.6558940619
28.6203627392
19.710747877
33.451252801
19.7100696158
-0.27373459935
