24.5307202532
29.1134039322
20.7091306424
29.8410389268
20.9402289512
23.116420266
14.3685176572
20.7164059928
19.6976248916
18.5049932999
24.2997485865
21.1155011966
13.1069606449
19.2300665204
21.3165814693
25.7567996466
17.4920076742
15.8511805773
23.1206793752
21.9401737442
20.0522578105
23.4894101451
20.9970832947
22.3981167016
19.119067605
5.59283084856
21.730212816
5.59283084856
13.8276464242
27.5326926482
-3.6280496607
9.59077945323
18.9161230523
21.4359541823
27.4207863154
11.4394692386
22.1211413809
20.7091306424
19.7863646394
-19.7350779928
14.0660272246
21.8727966182
16.8956776794
20.1463388394
21.4374593517
21.4664136752
20.0244680519
19.777859784
29.3999024477
19.6754980274
28.1951281542
18.9312412722
17.9101698924
25.0225876436
27.1330078696
4.81860463226
23.7604053317
20.5622210777
12.8779658026
17.0740444831
8.89188551391
21.6085389505
27.8432301267
24.4151938327
2.53686053552
17.764133311
18.7693998877
14.0099805543
11.4352289684
18.9191290821
21.4664136752
32.2240806014
22.9354778841
20.7678884023
30.6741216652
25.4865277455
50.7188269339
0.117397151859
25.4865277455
20.2607171383
22.5791830926
23.0643407406
21.4781560166
10.733556506
20.6885241838
43.1764783611
21.0669858952
22.0242422776
18.827152848
19.0406061301
22.7854197651
22.0626309515
22.0244286297
19.6397602196
18.7729591549
21.1395734778
24.2705397216
25.4684003669
21.990490739
1.11597878323
26.9533956815
30.9574282601
18.1133130437
0.469338992797
25.046290343
22.1167858525
21.2363032082
20.7091306424
22.4624585077
36.7345803717
16.451894967
27.3122298341
19.8201859616
22.1133711824
14.8401920313
23.8851444488
10.6466022279
18.2991103341
15.0046089941
9.42209542924
25.2304862947
31.7301916281
20.7094140522
21.6075587837
17.4228679907
-4.27727749928
-8.10931371805
-9.78925431629
-3.02089495654
17.3447168174
28.4999908787
8.99258410626
35.9454298181
19.5647061503
27.9893320422
24.3275359968
21.9118643026
32.3222544879
21.2819520638
19.2022287212
31.9593071339
-5.68257845633
19.9700862716
18.882566821
22.4294070572
26.2972848467
7.79470074298
22.8407280901
31.8764232934
30.6910852096
22.8465770314
20.5592534754
21.3573346535
16.3247876219
8.13460248106
19.7367175457
24.1906820331
17.6489044527
18.8523968027
-3.44898912737
-2.19215233704
24.1671001358
15.0121944169
22.1307092129
0.795134651454
20.8086263012
12.9578632464
25.2644391876
-3.15200765087
-0.480964868944
12.7519340533
19.9844375971
24.395437926
18.6881217978
16.9125521283
29.6113208608
25.5090375522
21.0202250725
28.3814923957
21.8766797315
19.4329185026
14.8401920313
17.4049705576
20.1778451239
22.3225567184
23.8447499694
21.2221373213
19.1229061383
26.2102952615
28.0680914994
21.386279325
26.8868220363
36.6389667849
4.23200977484
18.4856549075
31.4155355232
10.5442143659
48.775989028
24.1445168391
23.3940222618
23.5632911885
23.2149199199
27.3374017888
20.6960880167
19.7729693419
22.5494323043
16.1221427177
22.593034523
21.393646857
21.6255875538
26.6281087375
15.0253681537
23.5357349865
40.8124893751
28.4440792125
24.3907831753
16.7083765155
5.80383223443
14.391329705
24.1906820331
25.9078277886
18.1399752774
27.8195307859
25.3411463152
23.0585205629
24.7616777056
12.9189760624
20.4150864533
20.1422508289
18.3325074445
14.7085831606
19.2280887554
24.8911059143
19.5440793603
22.2997576917
16.3045667614
1.97009305675
56.8668396654
18.8308563868
102.118277518
23.9514276194
17.3666350572
22.1833848571
28.9159652073
10.6442407265
20.896047017
-7.1281585614
21.1742526459
18.4815677587
21.6054068141
19.7288774004
15.2950414152
25.6047161484
24.019342773
20.7091306424
29.531624176
27.6982133914
23.8592798219
17.2152186708
5.12677745006
17.2026354014
14.5424366011
24.0424557477
32.1646862153
17.943945951
19.6111196285
23.2187688878
18.4363987334
-4.0271800126
15.7453482401
18.5328755441
13.6212430205
29.3431164143
19.4043706129
22.0041737335
23.3608927997
21.4664136752
18.4818652603
29.1214760362
23.5632911885
25.4893741727
21.6690240102
4.08951386088
2.19986566151
18.2392481865
7.48543219953
1.05652815085
25.9574038245
0.703429119475
12.3800923
24.478956156
13.8917274737
16.3585174523
14.6490105065
28.5942174017
23.8126091364
18.5913146975
24.5378143923
16.6889469991
18.0032816329
18.4245565282
18.2363258345
11.0599999395
26.0498336551
10.8796731907
-7.93315110233
-0.478282510887
3.81168920231
-0.0037496210545
26.2595870078
-4.29948156759
25.4166659155
16.0416590409
34.1638828889
20.8209162126
-4.32125816642
19.1928248901
20.1888461072
19.8313221038
22.6306947966
20.7091306424
21.2925723295
20.8925562681
24.8460229207
17.9947509501
43.1695931771
8.96721155354
20.7091306424
16.3892639629
23.3484615724
24.2274549803
20.7743517545
20.7091923831
22.8681366024
0.917928540682
20.7091306424
23.6493401868
25.015879469
-8.25865781574
19.5271582383
18.485377044
1.27067958836
21.1159456289
20.7366667898
31.1700088349
21.0461693954
26.8803514345
30.470867362
36.7437466884
62.2419742333
23.1982972821
24.6323817256
15.0489785875
22.0998696622
22.7000172797
21.4101770564
-8.04397687636
23.4630685959
15.7787572589
20.7781190801
11.8445272637
23.7453325143
33.0063290659
41.997003831
-0.285635543011
20.6704463593
53.0707553141
34.1499901107
24.1151014397
23.5199691624
17.7707409451
29.7085535241
24.1196507036
1.27839894788
34.3219447369
21.4818706126
26.9137339225
18.5985900479
10.2653771444
20.7091306424
30.4087677329
6.20372617569
19.863507523
24.7315047836
27.5066221972
52.8841627631
50.8797354933
15.2503589527
20.5647809165
20.4573856993
27.150563846
33.4854114055
16.2197903014
6.07809382445
32.2893982716
18.1853677613
32.3883760339
17.1960588792
11.9756903037
19.863507523
20.0099983616
20.7806528744
17.1920270177
3.63493793483
-6.93393460431
11.8131122185
18.0209228945
20.7091306424
15.6123037882
12.3653975694
19.9846986795
20.7091306424
26.8998956865
19.856669552
24.5676694398
2.7785605539
-0.0617750134471
22.5463106046
22.5939582798
22.039520428
8.13460248106
34.4281422258
1.27839894788
15.612333397
21.518450946
13.4553385616
26.114093935
24.5629926256
20.3850864509
21.3320003616
18.036735669
19.0767447938
18.5225731151
36.7437466884
13.5562615084
24.3649057607
22.493193687
23.9134257225
-5.6581063929
19.0767447938
17.7503845381
-14.7604989494
21.7651578304
84.0866002515
20.4624373777
20.3483831275
22.1974959146
-0.13299976587
30.0902583269
24.6540495205
62.6612323627
1.58484355764
23.266903012
17.3532890537
3.54299940645
24.6493582596
-4.29948156759
18.7857075453
18.9239121616
625.040356192
20.5283364021
0.0183056782973
5.16158570728
22.4860450199
6.06919157268
20.1092291856
19.5452380623
21.8516726834
22.1601380426
18.2218356688
6.15853753443
19.9934068783
21.8641678446
93.7597521011
20.6806204426
22.3640587674
19.2979697547
23.7170623478
25.8915544599
19.1646016226
8.88077615913
24.8552399933
20.1955748016
53.0707553141
5.54730546544
23.626030025
31.9306404125
23.8250155251
22.5724546388
-4.12924987508
52.4544219749
19.7729693419
26.9533956815
23.7516993862
9.95122269479
12.1525738283
18.6482751305
22.9332319133
21.9319204847
41.9117219705
19.3789983452
26.1295390035
-4.27727749928
20.589310602
22.5329038761
8.04173207597
18.1076370596
18.9369117084
26.183231658
20.7091306424
4.72117973398
30.7061692289
12.0260899885
24.2695660897
20.7091306424
27.0867156347
25.68428239
20.6608288548
-0.73555529169
18.2440700738
20.8426260965
46.3934092455
22.3142497471
30.1045814771
-0.213626258188
22.3834911365
28.6379191016
22.1444773244
33.7846111889
28.5413301865
50.5136534421
14.4009756127
21.2265227257
0.610031419392
22.5371481514
-4.3798477944
32.8726882393
20.2607208279
23.6845855189
25.2462608467
28.2783013221
15.227247785
0.19744673622
19.356241274
31.3692132955
19.777859784
-6.30990716202
29.5772292589
-6.9566913592
12.6788092631
-4.98809818029
50.4112870002
25.8631437938
20.3950933081
15.6437441596
50.4112870002
20.8637382923
11.1172933903
0.276675887135
-7.61771179021
21.9094729866
21.8924364835
21.5415081416
20.537550732
14.1235205053
23.1854141249
22.1586115074
10.8902882329
6.2990710347
3.21380128712
23.7703290662
23.0846170669
47.0861070833
23.7854765967
47.3858912553
23.5141419064
-5.53303616524
19.6749688566
18.9505196983
23.0070758538
13.0069458482
20.533690616
18.8115162696
27.3722347057
32.0200222696
11.8274225759
31.8133677415
26.9972107401
8.69870899226
23.8693556109
20.7528391697
21.2422923243
20.1356296911
25.2371910786
41.6410778785
22.9872813733
16.9054761562
19.6185789435
23.0569884779
17.435881011
10.2653771444
20.8435753587
1.68813808921
5.59946505515
20.9585644845
18.6008806688
8.13460248106
23.4260351744
18.1313989243
19.6089006018
20.3387363629
26.7633165959
21.079275627
20.7519056396
50.5226240183
21.8727966182
20.5817552409
22.981208149
43.252926492
8.51111795455
17.5648497315
9.75983611929
19.082411717
22.9891583923
-20.1886526134
29.9532428541
27.1930304311
39.2318014237
19.3841624131
26.6505489178
25.8976700499
24.6056442121
22.2900557701
21.4993054053
21.5047059725
0.777281186254
30.9447142529
24.3698262937
21.0957452917
19.1064861028
18.5771288407
8.86603235776
23.9990820454
13.3896808034
20.1072827273
22.2002156523
25.5953132531
25.1073389655
22.6798481909
8.13460248106
18.1552381225
24.0721617283
33.1066242934
20.4786336853
18.7301441078
43.4409769409
22.8161972593
26.0143146854
19.054919401
31.3687594598
5.92964398677
46.447401305
-16.1962407364
23.7854765967
18.5403936866
34.7566328973
19.777859784
25.2462608467
19.7764438421
23.6636806052
72.5091867553
36.683099171
34.7566328973
20.9585644845
23.5681520084
17.4870223337
17.2501315472
24.079342225
11.2089510975
22.8000049898
23.6229905892
28.6663922195
17.9241775475
20.3395308887
23.3251016592
28.883476957
32.6195188632
32.3743171427
14.8401920313
-2.89773125665
18.8554484058
25.3457252415
20.7091306424
24.6493582596
21.2259828396
21.2261881523
18.8554484058
11.7625292219
13.0574243339
6.85775184112
23.2837543831
20.5103765308
12.5327953614
11.4871048866
18.4718822453
21.338071773
23.3268235331
20.6806204426
-6.00036689326
17.9426607684
20.5351428169
21.4154455386
-9.04604500125
20.3062894858
18.065921432
20.621354482
-8.22269668009
20.6806204426
20.2251824861
21.4664136752
23.2187688878
21.8539316103
0.459018235615
24.7615073916
15.9591147602
20.2467467736
22.945143821
20.2638490094
18.9886270086
20.2962456265
23.1580216022
22.2015295106
23.3251016592
27.9128504725
21.859481363
21.814013583
18.9756798809
19.0164591593
21.0545146973
20.615788269
-9.30426943923
-8.64767283274
27.7651384678
28.8722553799
3.19727978346
27.031466613
54.875806266
21.5663817956
23.1325449284
24.4071090122
15.7782729517
16.0263292824
6.99889423749
33.6681921755
32.7602168178
27.8657611782
21.4223413446
22.9495156966
4.02991785043
33.3097207646
12.7444246019
30.7280849692
22.2877295987
32.8505775991
18.5523359676
18.7303361449
0.926973081196
20.7212593469
-7.09053530088
19.5148031244
16.5704108207
7.62906901404
29.9445104553
22.945143821
26.2275918441
26.0634013703
27.3453697052
19.787356055
19.7061544485
19.7311965671
32.1371179832
21.7408546049
23.4529389432
22.7261604709
27.0274503492
26.9939507581
16.2543167264
21.5318828681
15.4569146611
16.3041936973
16.2863351048
32.4473725622
24.5134637322
24.1612394601
15.7808779894
31.4745457975
22.3297306196
3.56818247092
22.5246097083
10.7205181314
15.4806927741
32.8972770934
16.5448675732
17.2190657024
-9.85267723275
22.0399286607
23.5035335688
1.68813808921
3.49455190502
34.6862177991
16.5173350523
26.4381254864
8.2712954569
25.5243633685
16.901108454
18.4086429416
8.97062338702
16.8104087063
12.4072429819
10.2688459163
23.0798853886
21.4865510674
25.1596387251
20.7091306424
21.8727966182
22.6929867012
20.8849277318
55.9734272278
21.4342585299
16.7529217041
21.2466766938
17.7797123167
23.4273766449
8.53680019445
14.6074574751
4.53278501849
20.4367529641
-14.9132144206
25.9603926847
-4.14282026453
20.0136825754
22.8514726184
15.2578421603
10.2174467884
15.2898570503
28.2783013221
15.4401485839
10.8796731907
-8.19221670178
21.6163540539
20.4716778754
15.5488633055
20.7091306424
20.7091306424
21.741894705
10.6746362472
18.8660648078
33.8054466386
19.0840491689
18.8103600065
1.46042854705
12.6804483246
20.3616677883
17.7704866432
24.7923356486
8.82864168443
29.157657889
19.6481971231
2.54971996437
16.2501741278
20.0136825754
19.6834582681
20.2836387344
21.7736956515
20.1270303091
22.2851722076
19.3758656201
24.0523566629
20.5255068783
21.7008268651
-0.222426154375
21.6930280779
21.8861350748
25.3529409071
22.1291627975
66.0122004758
12.6472595412
27.1333194156
28.0992146116
26.4055379503
28.9483203172
20.1813935567
-0.136908440864
5.49863500417
25.7712717133
19.0431288471
22.5583929538
22.3957180875
23.1180428767
23.1180428767
23.1180428767
21.525750262
26.8422312282
19.518070864
22.3606908194
17.8265274049
22.3808135003
19.9356871256
14.016650578
21.5953674604
0.926973081196
8.89188551391
20.7829952091
4.67024632891
34.5648777756
20.9560966727
23.7977398226
20.1452007976
-4.24746135774
27.7575474226
29.4833309893
10.6442407265
14.6955125403
20.7091306424
24.6575341094
26.233032211
1.68813808921
21.6970948042
-6.41683485495
2.46752120694
20.9194413298
41.0986576712
10.1285534322
22.3945060389
19.0305574513
20.87311063
-8.38623405834
2.09344088914
23.478157536
30.2699387369
22.8640626854
19.99105298
25.4469475463
45.5463081998
25.5005775691
27.2275462018
26.5118627993
19.8662763878
31.2745268383
19.8353087635
18.4445697437
27.8367339768
4.37461552767
25.2055716297
24.1445168391
29.1694181092
24.0888217804
29.1304812517
23.6371335276
19.6617750962
14.3054359412
25.7503709399
20.7091306424
27.3498010733
25.2036353867
39.7738908833
30.3875386169
21.5764912317
95.8027357221
24.1441288771
17.6148792488
5.31312757382
32.5920575082
18.5204831486
14.3685176572
20.4819230724
8.13460248106
24.3282304438
17.6129478915
20.9551003271
18.9094052389
25.9417377912
26.8405413468
27.7748117531
3.239625491
18.4425566565
22.6792503405
19.2481622608
22.8896162496
22.5751208905
4.32546550377
33.1689964471
20.5508984591
24.1327158725
0.459018235615
33.2472678322
20.7077899057
20.1627149362
22.3501872675
19.4649433015
23.7205408935
19.0782476061
46.0219290904
21.6379085364
33.2777392938
20.7091306424
23.309533522
23.9087232049
13.5941992377
185.122904013
21.755195391
20.979331709
20.5804616744
19.9983336421
3.53044969934
22.7244173491
19.777859784
31.1870510783
23.7049077554
21.8026312954
25.3232939273
25.661654388
22.3650951372
39.1176449745
22.5424215799
23.385369722
5.34985700593
22.797616755
22.9650089518
24.3851552686
21.0049615213
52.0636646694
23.4152791027
20.1414236162
6.52443792802
23.9753226851
-0.222426154375
23.0896360578
24.2508828373
14.8823819289
55.2881050093
43.8152126828
13.4670398681
24.1512352829
34.7834752954
39.6564184529
3.48424599901
23.1720849086
24.1091064063
36.2279341938
20.719140055
20.3293213077
22.6591599594
19.0169351513
51.7017684124
32.2597909347
38.6419037419
21.0986006083
12.7165974055
27.9791254791
19.1552004114
35.092229744
27.8254735964
48.5103761709
25.856367732
51.0179063881
13.342549785
5.24189085672
51.7017684124
32.0845895734
27.5064759346
17.2875817546
5.23994717447
22.4711898669
18.1872956591
24.487983866
10.5266379609
20.887312459
20.7091306424
18.9528891932
18.1872956591
14.6552468582
41.4666673911
6.91659254595
33.9117227677
17.9415221383
36.3561049351
20.0767925216
23.6068647114
16.4503179997
52.4412731272
21.2489398804
20.7091306424
22.662333657
26.2715196925
18.1369788133
-19.4316449074
4.9553688112
25.3165855778
20.579495248
29.1234480517
6.11723581534
6.11723581534
22.8110914413
-3.42886061773
53.188570772
24.2840563145
20.7091306424
20.7271042276
8.17041756101
23.0223057219
33.7992694702
20.7091306424
34.391552294
-11.0131336019
25.558366901
24.487983866
18.9740288739
20.845391272
-6.48801685198
18.1872956591
22.3514294476
22.5600358654
23.2769759651
13.2232950597
24.391122642
14.4933465411
57.2610655191
44.7075197858
19.777859784
24.391122642
20.0987156592
27.530710619
18.7453761532
13.0348253524
35.2845930885
19.3448271576
22.25777519
17.1831861777
53.9335524888
17.5910412217
13.4707080227
25.9260245025
21.3046795608
45.2220541079
16.3179206883
11.3568308316
16.8486853793
19.7751431907
12.8748416737
36.850587677
16.802816432
11.6107316426
21.9874316813
23.0276984764
13.4113408259
21.5150738407
23.1461532057
17.8514752635
51.7017684124
12.7618487986
19.2112565052
16.8162877469
2.78319974225
5.01998836584
26.4131161362
16.8196048878
7.40173975482
16.8196048878
7.81376639633
13.0348253524
22.6953971958
42.5702773246
17.3498302767
18.3115028462
25.359152344
18.0091763024
31.5549653431
22.7164548658
14.4640012371
11.0821675633
14.0865466931
18.0449089452
22.856864728
22.1729467293
4.76621427603
-11.2005092469
22.1399433094
21.627358719
21.0475568356
22.2077000257
28.8108365665
17.4829431651
-2.69726593928
12.7618487986
9.74773700549
22.6873443949
16.0527939541
1.14543273503
13.0069458482
8.30477266583
15.9237931296
2.89583713444
12.8748416737
21.4317948322
26.4729475944
16.4685159848
28.6704625693
22.1720575961
51.3458114309
15.7947618125
14.9246050699
23.2140190638
19.7096893175
4.526273341
21.5657846747
16.0278128016
24.8545203141
16.4941969047
32.3310265181
15.9113302815
29.4576742669
11.5093645626
25.7066226536
23.3408894329
22.3829812997
20.0806102055
35.1156355104
20.2856338452
16.2415598521
106.80602282
33.2777392938
21.0554726843
23.9436971104
19.2900800433
35.0383422975
10.4595488244
32.520456261
38.6760783837
29.9889379479
23.2257775951
16.5922951597
22.387117751
18.4557605932
21.378207039
40.1036867572
41.6722672186
34.9907690918
19.6353310389
3.46144472034
21.6830270769
19.6286755868
18.1872956591
13.4936598433
-8.8399303044
18.5001961608
26.5462761317
16.9957291754
25.9555756542
22.6822572377
21.953516107
30.1274761658
20.151848849
20.3048584805
22.9341530168
24.391122642
8.8812204044
25.0375055659
19.2814647159
27.2554434104
28.9257353152
15.8276814446
20.3483831275
25.9451098885
19.7385754915
4.36408537522
6.75483481202
11.3807084804
40.6424470784
28.2839959328
-6.45900517945
25.3793623618
15.8989093071
8.77059139878
22.1242304788
1.48555699817
11.838709891
22.015747823
12.8379659513
25.5652613088
11.7921289852
20.7091306424
11.0815974244
20.6086739432
20.5483793735
47.0760495677
21.3830044194
16.1710920611
20.5031338747
26.8044946554
-1.01250789473
7.81827217828
32.0426767743
25.1510868726
16.8001695649
-0.967288208413
22.2296730444
27.740008329
28.8495857364
15.0422908513
8.8648861736
13.8708085315
14.6588964278
9.78586457263
22.0308879881
24.546012417
19.8826235586
38.541418513
24.4312465394
4.46411468046
24.3275375212
11.047759957
29.2879025897
11.5894266243
38.3134895763
12.5522283574
29.9764644389
12.9387938942
24.5035716816
10.9083603177
29.0425880429
61.2023355095
22.9507603914
17.1855008323
20.4836443783
8.70720002762
23.6368151426
6.92096889058
34.3308591094
3.17292923091
31.7105031146
21.5460442248
18.1041674356
20.7091306424
13.9300669397
16.1692486942
20.5839200318
16.8956776794
25.3068069068
20.7091306424
-7.35012994848
17.0260784427
18.2670125323
24.0753675015
19.3498816164
21.1544205298
20.7091306424
23.4246816612
24.2692907075
20.3062894858
6.99318620747
21.3252533823
28.9257353152
30.985639292
24.3048976468
49.3788337744
24.0293135007
14.0299606382
21.7501143245
99.1017397142
65.5303187819
27.7936681623
26.8097907485
17.8001921164
21.6365709499
23.3484615724
17.1941598619
39.0705196657
43.7606776068
26.8097907485
25.3367608119
24.5890583238
21.2239611747
34.8024843687
26.8097907485
45.5448754088
24.2323721485
29.5923212214
7.21440318492
5.63323091367
9.81836108867
32.5327890784
26.024218181
17.0279169475
15.993207647
96.4691750955
0.0945214993296
-10.0858604696
22.4787102034
24.6493582596
24.8036051598
24.5658133886
29.1357088359
7.38519812497
91.8135898883
22.1044304721
22.612629284
24.5154160524
15.9237931296
23.8712940978
26.7519631343
21.0722212149
3.97963324966
30.5145563914
16.668620913
29.3101024487
29.3436216971
-4.76027278697
10.3922590409
25.0000997475
22.79994514
22.0263104484
34.7297703833
23.2998534837
26.5572639218
33.5364251101
0.392853936953
30.4942294496
21.4557112577
21.2064502808
27.1457932651
69.0049885131
17.3632856443
-8.33398312945
40.7508159162
22.3644268504
15.9598321494
33.2115803024
24.5099135257
30.9220314899
25.5371761508
16.7302499458
19.7500285461
27.5064759346
18.6977828458
91.6675077602
24.487983866
52.1585785079
12.7768174523
2.81677448047
28.0470096507
32.102680451
19.6634914625
7.98959511783
26.910295876
5.43230536168
-1.99456611338
29.8452636398
29.2672758021
-7.24435553483
27.721834642
16.7789377181
21.3567005007
15.7876294941
9.88579952505
26.1362730715
24.972898347
10.3625745019
11.516499305
20.7091306424
49.16055926
20.7091306424
26.0960183549
24.7690256036
22.4822328593
-0.683834886561
26.4152115031
15.8288657355
7.8522812011
-7.32682456291
8.7728579101
13.298718155
14.8922416611
25.1232545921
5.7560167956
31.0545868498
30.7483709652
32.7523316674
38.6816530258
28.9530132972
-3.25248213975
83.4635499875
20.1778711906
31.5663482054
18.0731227079
18.1944591164
27.6709737284
26.9466964514
27.4065167516
14.6661163368
22.2649399991
17.2326393182
33.1079209474
11.9643710629
34.5966811408
24.2474395639
35.1760157916
15.3039618749
23.3459014026
34.5051979876
12.2203927819
15.9237931296
18.0228622769
15.8328961816
17.8019481764
30.5917118876
29.5042673617
18.2078630231
21.8469523165
20.4324686547
24.5793531153
26.3586103718
31.866868897
33.5738182004
95.789925564
29.1336125557
16.6185221209
1.13072873826
19.2081085267
16.89454
22.3313980861
21.1541669578
6.34274620468
16.2484250139
24.1504854643
97.3486617345
23.99469495
13.7298727122
15.3191802488
94.6913912886
24.6695846011
24.4566952674
16.26513604
9.12681863164
20.0540550173
28.949927536
4.83843948912
19.7334027471
12.3495738236
23.626030025
17.1448887347
41.2846104065
22.1817657433
20.7003457788
11.6642501
45.2436111786
19.6249274012
24.3239789333
50.5393618623
16.6980634062
16.3184099063
13.9400716293
25.3814693855
-13.1808194453
-11.7302053356
24.7160539343
31.0303560316
16.665477139
194.216107086
27.1705006203
-2.79225978737
0.451210126005
18.6403641734
15.6435749834
24.2139029516
20.8054586118
21.0586735434
21.0586735434
26.8097907485
2.36185964862
27.5436293372
6.43173111781
-0.870830917696
55.7533976198
16.6976965981
11.0685090827
11.0011913068
11.3552258003
30.76327259
20.7571096464
23.9697794008
19.3514011661
16.7639894398
10.9332563093
32.4120925526
19.0061491239
11.7420586539
23.5199691624
6.1180166015
11.557687521
19.1063758143
3.22845963606
34.4875364773
33.7125242203
10.9225873492
23.2998534837
23.2998534837
27.0987743196
10.2793328758
22.4109615802
75.1311150793
34.2116347485
13.5822685833
28.3564816248
13.3167910329
21.4636477905
20.9971345646
-4.69818401219
0.977996899216
4.98323057919
10.0529934354
32.6574405493
3.63231424574
30.7483709652
21.0998805477
13.1007506939
-1.29159766237
21.5396170266
25.8413924504
34.9716698826
32.8594859065
31.4000841348
29.1304385916
26.2542221489
31.7780566589
40.0981333431
44.8061903257
9.58389206943e+35
33.6314577999
22.0248485971
8.52575530334
30.56108241
19.2163965668
33.3689287268
19.4422309045
10.401067926
19.8628514655
23.0166615842
11.8720882531
20.5775217718
4.14067578472
5.22118251207
11.8720882531
20.5817552409
13.6032482759
7.91071875217
17.9033851208
10.6442407265
47.0369728286
25.8563174165
6.40856592279
22.018513658
32.9795653918
20.2476148165
19.3163439581
26.3919952714
13.6142162113
8.73228404705
1.92879858256
31.252425076
28.513055073
23.5089914512
22.7586714935
1.30041695945
23.9607887645
27.9759612526
23.5912793487
73.1683483358
-8.19221670178
22.6279954404
27.7651384678
8.51709879789
26.4616555735
20.5817552409
28.2415978679
20.7764563061
25.218712359
53.2335892927
17.8850803894
36.2337080866
18.124935407
38.8753779439
13.8120596678
8.12719361348
15.6592357639
21.4704033347
5.35344904476
20.1093606115
15.8556495814
36.5420476427
30.0578234683
35.1546587415
26.6281087375
21.8864114338
28.4967123285
16.8086754451
18.978038227
34.8730742994
14.2191591523
34.9195483595
96.4039907585
7.51098429846
15.4162850386
19.4159071641
19.3533271062
25.2725773632
23.2998534837
24.3918504457
25.8926342591
11.2417906451
19.7062537447
-1.22036705867
24.9511723903
37.1438315267
10.2726149519
29.6960813179
26.5480734789
20.7091306424
3.86621362713
18.7449494335
11.234711965
9.65720211252
33.7419287509
39.2786427694
17.4925039207
17.1683033717
9.68071833427
-0.544432727248
20.1777577758
21.0358356379
8.13460248106
24.501785141
24.9667648521
27.2167734435
18.363802537
24.8949158215
57.2670536962
19.5363956143
24.5103890659
28.815360641
28.815360641
-0.76386178501
19.7574132305
17.7132967619
6.54092535786
28.1726847451
11.5500301988
12.519880466
3.9048666865
17.1298169253
17.4833693883
27.2247196121
25.4047692209
16.9995682198
14.8801960565
11.8720882531
14.6863311
6.65250923541
9.38830885878
45.2779347385
20.4421062357
21.3411285011
21.6007541315
21.1993892686
18.0809378969
36.9590275089
33.8707254178
27.9627075268
24.6599554325
18.1869873081
22.9755557452
19.7764075831
16.9293305099
-0.540664660276
27.7651384678
29.1654992296
23.4594504143
29.239019147
16.7740552102
27.0155075585
28.2769266306
14.6372736679
16.6787054006
40.5260070467
26.3121215795
17.0290895249
4.41184116331
24.0505496068
11.8686638881
12.458845057
33.0884687713
25.6521335892
12.2505037069
32.0265786312
21.0998051583
17.481853119
10.3864280221
24.3976788612
27.6365860267
46.4243000114
20.7521367854
8.99445852484
11.559868646
15.0112484231
12.2355667685
13.0099403305
20.6670673671
9.37964472696
13.3869562631
16.1153843571
4.55414914495
16.1153843571
29.4432776818
22.4660763595
27.2764258477
27.5156654635
8.01149064055
9.86442496267
15.9505004593
14.5036342978
27.1331560554
8.13460248106
33.0496452833
27.572325061
14.2575870196
40.3800109278
19.8274272485
12.0947602462
34.2437615536
32.7235780279
18.3132748524
10.0489242513
17.8494300638
283.781687512
-2.37900455959
13.0099403305
27.5384499144
47.7827131161
22.6331830383
29.3310043967
27.8028911083
20.7794023272
30.7025498115
57.9986849681
88.638601004
38.9993229992
27.8478150945
34.0097689298
26.1895141211
30.2773579706
27.3708918932
20.0212323237
18.4177722443
9.56209761517
21.2947954763
26.0244744677
23.8188519447
22.8582081323
15.1651659896
74.3374448724
25.5934678001
28.6990475784
30.0820091351
13.0897092704
36.1469351448
19.5997295403
25.9702144329
22.6110648002
16.1153843571
15.1033416684
31.0697104503
33.12764503
22.9590081176
-5.76531742928
8.58255284366
20.5120027457
20.3206039839
22.6254372975
26.5376325896
28.9885699706
51.818600775
51.818600775
65.6564920848
25.9202273918
38.0196990581
17.9894621325
22.7793979489
19.7764075831
30.0641010101
22.4581162983
24.6588398322
0.63045269717
14.8269118835
26.2824725879
-1.31061212322
31.1422327998
16.1201450266
9.86442496267
25.5038439901
31.584189206
5.09303756493
26.2824725879
34.6347138875
-2.24339459548
1.61211884901
33.9012551108
-3.68382411754
29.8304081656
25.2410819994
8.69533278927
19.3823580313
23.6382859759
38.3498622873
33.5809789725
15.874039844
14.0448867718
21.8727966182
13.6968421415
13.7732267933
22.4767833454
6.0000466617
14.9026322332
32.695709635
21.4756049024
20.0410262184
33.8135697019
28.32251429
31.020962224
23.0741492718
-4.10833111842
5.54190433705
13.6968421415
14.3300009694
25.8553108933
20.7091306424
15.14530567
26.5660645575
-7.2312646945
4.58109512727
20.4687169969
23.1899294522
23.5354004842
27.5653247261
27.5653247261
33.6349912247
29.6475686874
22.9955825667
13.0072216639
13.0099403305
-4.38627833079
28.4067762504
28.4067762504
20.3174705738
17.4430515987
7.26416120526
28.3553188572
18.9115409457
12.7425312916
22.6262014444
22.6262014444
12.9072661528
1.98145596936
18.7593011914
39.9081044774
22.4901966881
29.7264281522
21.2452259156
13.6608766368
25.7625319722
9.74513677131
8.59516133644
13.105892966
28.3988194222
11.5769520345
44.8838563513
12.9072661528
21.6467244473
13.0099403305
6.80010371535
36.3284118071
29.3621721821
28.3553188572
26.8044946554
8.89188551391
33.7815194291
28.0129318685
18.7790033991
26.3941163914
28.0129318685
20.5926250995
8.76752821226
27.8824365498
10.5879903676
10.5879903676
10.5879903676
18.509326877
-9.8257939731
24.8324778617
52.7134130908
25.6432601616
26.3679080811
10.5879903676
30.3019646174
14.2715669839
32.102680451
20.7226265567
10.0714664017
10.0825339937
11.7694900137
24.8489569047
8.13460248106
20.7226377961
32.6027439921
10.6442407265
21.9039553205
30.9559046621
22.8337087076
25.9185271679
6.86185383456
26.7345646466
11.9022459259
32.3074848557
13.1401134324
21.8867043296
20.5622559582
12.4306056578
17.3663321693
18.7431503875
11.7694900137
35.2228547558
-4.84550735499
-1.65899025025
17.3005174372
20.74087353
19.4981164733
15.8945169339
26.2824725879
11.7694900137
22.750833847
15.3933118463
22.2442083552
6.7878052292
11.4831243423
21.8515010023
17.208296349
35.0153801204
10.2656475924
8.32559279875
5.53705564347
8.89188551391
11.7694900137
13.1399726515
8.85391997498
24.4457449133
16.0532333784
11.1646019157
32.5977494739
32.0022494693
22.7730833779
15.217355675
20.5817552409
31.1764240888
30.7483709652
30.7483709652
24.391122642
15.2233629045
16.2202090119
31.6782454678
32.1348016622
14.9239204067
24.391122642
19.2640663404
29.4692289214
16.60795742
23.7488032676
27.1884852599
26.2193626882
-3.14134002453
22.4053064517
23.4429306508
20.9784286473
18.3768787663
24.391122642
8.89188551391
-1.02938052135
9.8941240355
-0.695388651719
9.43168947509
16.1058826417
6.91840369412
8.13460248106
14.4612728745
8.67617013179
11.1769061591
15.4390282896
10.5879903676
43.328202376
