16.4855164913
29.962190222
38.3870971405
58.1819191044
95.0816227444
16.3849092229
12.3069797782
38.1932205237
25.4726851828
39.4525492309
-1.05469292669
3.12649275322
15.0695727482
12.5112401458
14.0090954746
10.5879903676
40.1811406657
56.9543266954
33.5349432043
19.4285786704
6.10205499305
28.0067581216
25.7620262212
21.4804148807
21.6428398301
29.1973452825
9.15737152704
7.77501040649
-4.47516425017
25.0504247756
-12.8583533912
29.9443480338
21.3788468308
23.8447704119
1.08819572382
-8.37317373769
-3.56140100661
-15.8969533948
8.61530358898
16.9696543388
8.50461496763
23.3737479114
14.2789748634
30.9128663995
32.520456261
21.2557774578
35.2086507106
28.534905125
30.5634034025
36.5204934565
33.4782629787
32.0670144568
31.5173551583
33.7064520179
36.8351741257
17.0977080091
9.06988280949
9.45620212602
11.2173469338
7.58959420744
22.5932959744
22.5932959744
51.0515785138
25.6503492155
87.5322769302
31.5831601482
31.5831601482
26.0129208222
55.2495796284
34.6563934858
9.85006518159
21.48848286
21.978066307
18.961062796
34.7555336482
23.3627267967
34.8992568831
16.5246960438
19.7956041596
21.9445563457
16.0814134636
26.4862730519
20.0061104871
28.7480619112
17.118156597
21.1503545336
49.3788337744
17.3820666865
0.3773193599
24.8909464086
18.7654777817
14.1837353519
14.9322143343
10.9060610355
34.2203110426
41.0624469614
16.4358382075
22.3920927897
7.61064573211
20.8914475928
20.7091306424
40.2498316238
40.5198293846
11.6440947722
2.03158767722
20.7091306424
35.2826740331
13.295320527
-0.83114601004
-1.10892709244
24.9595349782
1.92724153351
1.92724153351
1.92724153351
0.0023514011636
-2.99738814599
1.92724153351
1.92724153351
1.92724153351
4.91349750642
2.78806202372
-0.136618371338
38.8888054917
167.631457013
1.92724153351
-4.10833111842
-4.81133715106
35.3170004629
1.63581903955
-0.136618371338
-0.513133844828
-1.36236828929
1.92724153351
-2.0668460942
5.50549041953
-1.27066222165
2.28928807043
-0.532294126383
2.44220851868
24.0014751123
2.2107463271
73.1879654547
1.66880399943
16.1613435202
36.2985819488
38.6085694721
10.11608623
43.1935571833
8.13460248106
35.5026454357
0.529089996552
35.5026454357
21.0445846513
21.7290129347
21.0445846513
26.1031170299
21.1879745024
20.5781668202
22.9480232384
21.8784480658
24.7374047461
19.2231029745
19.7947157446
21.3719474411
21.0983775024
23.851208072
19.0584770047
20.6731218052
21.0445846513
21.0445846513
19.3119207072
21.0445846513
24.5679226031
21.8930231152
20.4078074235
19.7755969877
21.6915085461
18.6103057337
21.0445846513
23.5785827195
24.6996590021
21.0445846513
25.3754996215
22.1372001465
19.8765994351
20.2636911482
20.7459649216
21.0445846513
22.2963185743
21.0445846513
23.0125530026
23.5542228967
24.1346246052
22.8834247884
21.9222459356
24.1460181579
23.9659912558
20.5599763458
23.5542228967
21.8744813009
22.8704628491
22.7531976326
21.4826491852
18.8133140788
19.9146009652
20.9678362765
26.1757295899
22.7257774346
13.1792266158
23.5624742476
21.1246130333
21.0445846513
25.0262347116
18.8939870726
23.0058038789
22.5988489581
19.514445369
20.8700043408
22.3371099735
19.1180223677
32.5305048823
18.1888794966
19.2630806882
30.5993382134
24.0534847275
19.2265628467
20.9807566778
24.2396049532
18.9761035487
48.4289229628
17.88687433
20.5385155813
17.4690522811
19.3926596099
20.9876114122
22.0070995101
23.9200650145
18.8705152043
20.4235548539
23.0908686554
11.9589959319
19.7596514539
25.5824335313
24.8014743231
20.7118135046
19.7947157446
22.4803070278
21.8018676841
21.8042642398
23.7467717072
22.9820509025
16.7895954511
16.8699387587
19.3016645113
51.6138223736
24.1440698508
21.6277689297
19.2682233187
20.4777196309
25.0273642525
21.8421280047
19.7669268042
25.0679972821
18.0999099091
18.7047761359
19.0010331292
25.283181986
19.2797566137
24.6564181552
44.886551054
23.5542228967
21.0518600016
16.367647864
14.6012668233
21.0807695475
22.1821088877
22.3553760454
22.1535945451
22.2692896993
-1.62454128038
15.9743487356
21.0445846513
47.2197317739
19.7596514539
27.9115987465
20.2609439142
18.8707595504
21.2776229242
25.3576496726
39.6627292015
19.7596514539
13.9591032522
23.8510521642
47.1759721709
21.3361373361
21.0197264875
12.4733098315
21.9751080292
19.532815986
24.6547726659
18.9652316553
20.5975389303
19.9471338245
19.6209840453
17.6911703513
19.7596514539
24.1395500048
17.5611695907
20.6390819633
20.3010926538
18.8936530374
23.2344035409
15.4563789098
35.5950427664
26.3537080579
21.0445846513
21.9628135586
15.8785737547
17.6343302532
20.0787771829
22.6655645042
25.6001356503
21.7868442832
21.121816477
19.4949307673
17.5613403535
16.4595821771
16.907147756
19.7596514539
21.7071348996
20.3409799117
20.3897261523
24.3673434181
19.5929667279
1.18374953607
22.0735536758
26.0597239946
19.9006116691
16.916013669
33.8003832238
21.0445846513
22.980586106
19.7632107511
35.8053526221
19.7596514539
15.1681438251
19.8092351561
18.9594853184
20.2460296245
12.437635791
18.0269875098
19.7596514539
21.0445846513
18.0265226736
19.356966723
18.732366836
24.2547602161
19.9006116691
19.4081266916
19.4311554888
9.37170348582
29.9783957861
20.8015062117
24.8069372339
19.7596514539
22.1231826342
24.7147582432
25.3749454513
21.0445846513
26.1487838876
17.5613403535
18.9660374477
18.195890411
9.32977130101
20.4561245133
9.54695685982
19.0214766368
21.2101182226
17.6254591536
27.9947179845
24.2158695077
9.37170348582
13.7028211178
21.0775193136
6.8477862791
21.0445846513
20.8535722992
20.4665713852
16.7497983824
10.4948286364
21.0765072572
8.89385621847
23.5542228967
20.124178314
20.3948789576
13.0566413725
26.6595278247
20.561515766
18.5127197535
20.5291881372
12.7423363738
10.4975812998
18.7366923208
8.53330621987
8.6328971021
21.1207462183
19.7596514539
71.7252725509
22.4673428172
16.2220260596
20.147829592
19.5802784692
14.8194642522
20.2995248317
21.4495606585
20.5686782857
17.5613403535
17.5613403535
19.7596514539
19.0035218174
25.343110124
25.2832356005
18.732366836
19.7297050642
6.52333730228
20.2334073786
17.8603876811
24.8742473682
19.1917891609
27.8433948907
25.6341482424
19.1555518495
49.3225731559
23.5542228967
45.1100256461
25.6019274441
19.3324897592
6.73744249342
21.0445846513
20.1744279087
20.9642679445
19.0904769333
24.3978948877
22.9449032637
19.935209152
12.3552641841
20.3678301377
22.134942715
20.3595431578
19.715703996
20.6045338497
24.116701692
21.3654798108
19.6189508556
30.2346360972
29.9648699577
14.1568831815
22.8680929938
21.3308740495
25.7524711449
19.5216793667
12.2762468343
22.2536244771
28.7600996555
21.4218851418
21.3871721871
25.6475666738
20.5074081668
18.0577636849
39.0348424722
18.0794943546
18.9133443608
18.0757941955
16.8815905378
18.4224671123
18.1850214815
19.1857333453
14.3603951505
12.9410617996
21.0246735785
46.2445621433
14.219341329
19.0243609668
23.5542228967
21.0445846513
20.825189921
23.9975412503
18.8872034831
14.3923025575
19.0237518331
49.3225731559
23.0869751775
18.1734430447
19.3615142375
22.4202783387
21.6405840607
9.77521247911
20.0469844256
17.6951383983
24.0588544868
21.1889182006
17.93672751
29.69654124
21.2198380253
19.6536158291
21.8737877797
19.9556326267
22.6461334005
8.53803852177
12.1512723169
21.2258457762
20.6365311723
20.1366259958
23.3100555521
25.9363050007
11.3608099438
21.2701677186
21.0445846513
25.1834811407
13.9188752861
21.2198380253
20.1818818593
20.8173215308
15.1959797257
21.1907393481
7.30890661728
20.3189283157
7.92833112615
20.54791776
22.2692896993
21.0445846513
21.2198380253
20.5019744747
16.9809671286
22.3402980846
19.1367124656
9.44651208416
15.770981015
19.2280451911
15.695310837
23.5542228967
20.6630983281
20.5398592092
22.934835815
22.2576978132
9.20072683613
20.0927854477
18.4177237787
19.041491854
23.3485931957
20.7334198166
10.5122491335
25.9980659111
27.9133259102
35.8305215855
28.9539812214
20.2492828744
19.4298075348
15.576747285
9.44222548303
21.0650024548
20.8513891503
16.7472271246
21.2198380253
20.7576365782
15.4247217502
24.4388659312
18.9150292825
25.7674048777
20.731544018
23.6545876219
20.0982458898
30.1569611671
33.0783677716
40.157254266
23.7985226048
18.6342871215
23.1937504117
25.0701094989
28.4625329668
17.27813359
27.7399443945
35.5026454357
21.2858031601
7.68705521099
21.5156175868
22.1910491104
19.6832449413
13.0566413725
19.0812002341
20.5978790527
21.4945434265
22.7258086004
22.4313657394
20.8740771206
17.8070465221
12.0070688894
7.73724604468
20.903884053
19.6155673487
19.3624867635
23.0945607249
15.4859183091
18.841197209
21.1521619904
15.8524794054
19.9465736373
21.3908903935
23.7133792744
19.0792614807
22.4404485415
22.3799393197
22.5147399258
21.0667214991
23.9374569771
17.3106310952
21.1188821834
19.3814679532
11.8813417313
10.1898066369
23.4516244558
10.2734269999
19.5840141334
20.2455960381
20.6146683859
21.2508331174
21.2225784076
21.8199851753
19.7633659887
11.7662950325
23.6596933696
23.0134282442
12.0380228435
20.6334129738
19.2299155142
-0.513133844828
19.0004198194
13.7776724438
19.3324897592
15.3609878003
18.1992242063
22.377242116
20.2918602455
25.0019982127
18.1477817013
10.1065532411
20.3906552045
21.6247236764
33.7767100119
18.2319816869
19.9600393142
15.8784648427
21.0431969041
18.5398132347
24.4517697047
26.286881815
13.7401794231
15.477206968
22.4028874595
20.1618635482
21.2913410516
14.8194642522
14.8194642522
19.2648225861
20.0462018859
18.9063566337
19.9017963371
21.7787972064
18.5421970585
16.0818099115
13.5719847294
20.3010926538
19.4219629897
13.9245851038
13.3553715804
15.472265488
24.9728519364
21.8018676841
63.0407240851
19.2495094965
20.3989370292
16.1723720738
26.6926357315
19.5580261595
21.7658793864
21.0445846513
12.9202461192
19.1597822718
19.7269812291
11.9455190753
17.1838613059
13.3593881209
15.9589743101
13.2420468684
26.7913766754
18.4594593065
20.8136546445
19.5826050286
17.0981911825
18.4919961738
14.8194642522
21.8214582263
11.7395538811
50.2369277989
18.5289052293
18.0000280533
21.0445846513
24.7985072998
19.7596514539
20.6406674638
19.8539690591
20.5463076854
20.0086323144
20.1207143455
12.5562246309
19.1026163631
20.6531672501
19.5445100876
22.8339118321
11.0273076291
15.7093481227
16.5070843179
19.9624450694
11.2672733586
18.3814996502
8.73496222421
20.1361669274
18.3102272387
18.2132591151
21.786626771
20.4543338944
14.7257176857
21.0445846513
23.9144027063
18.1674872117
23.318072386
30.7355538496
34.3703089251
23.1985841227
22.9213871431
22.1514225661
17.3421006217
18.3792805764
9.50718326129
20.3724113889
20.3149183613
18.9287305192
14.7257176857
23.5542228967
16.8283246858
20.9239890129
15.5808419272
17.9710684314
11.3740873162
13.0566413725
21.9255876567
18.4302543627
18.6205828573
25.2466868242
21.0445846513
21.0445846513
20.9019370016
8.31843681513
10.4829093728
15.2270137634
6.65164522246
20.6339470497
15.9786188596
20.1213351096
11.0761661122
10.8662084377
19.1453665182
10.6473234265
23.9254761066
16.6496502268
12.0977690889
22.0671325859
18.0666724924
19.4923331481
22.8039522547
20.476593116
23.8937062543
20.28884065
22.7483488045
12.8918858537
24.192503491
19.3994917881
19.2797566137
21.1665498728
22.9863606037
9.20072683613
118.273964162
21.0445846513
18.4302543627
22.8987291855
22.8384793019
18.4770908539
23.660555668
18.8809377377
28.5382633047
9.535420098
8.23534320296
19.2195453166
19.7712536567
20.1573046953
23.3777148589
17.4283345394
12.2094362749
30.3446304908
24.3277978201
17.0967406862
25.221856942
10.1593314946
23.1836670552
15.9034374142
23.3248354966
23.7510105242
9.17870157019
18.9594104734
15.1998326746
14.6535685075
22.7909375174
20.2680151194
42.8903283613
18.8286883044
19.7947157446
51.1746294784
18.5014371417
18.3746208556
9.32114401566
19.136468677
10.4202690645
5.95260591169
15.9777349463
18.0317832576
20.1366259958
15.6946270304
18.0747209217
47.9905339537
21.1246130333
20.9716085222
16.8009842222
15.2573422735
19.3519116265
24.572238235
19.7596514539
15.2972962747
9.74674399505
17.2157039585
19.4785353508
18.9501644169
11.7767658098
9.40156265078
22.9988897893
17.7578597868
20.9827003279
25.8959762079
21.0445846513
20.1220116389
19.3324897592
20.4382917119
8.63147902283
-0.513133844828
8.30036197229
20.0861984377
21.816202909
19.3324897592
20.7467815173
15.1823197483
20.5603901082
19.7046868123
14.2831810463
20.1333912131
22.6714166732
18.9487841445
33.2980506496
108.32812111
17.2005244082
23.4826601768
25.5823059926
28.9596954729
18.8707595504
18.7088962257
29.6304854246
18.6548917883
12.4707407262
19.8173098589
21.5136896026
19.3705897484
16.0208585298
12.2372849123
24.1852075656
29.8882101884
20.1184659835
17.9996552268
27.794599549
17.7394093807
19.5558847594
19.7596514539
22.6484692096
23.8396585858
15.223047441
23.4360509313
17.9588163007
16.7121173428
19.0753421947
20.7992030478
19.5828390993
12.9583966715
23.6343703652
17.4050109662
23.5505298191
17.1131077725
18.2417109087
20.9403574488
16.3024137678
20.6810811193
23.5007096743
17.7533226062
27.8558830117
16.5529834032
17.1767690682
22.879181233
26.6792013505
16.2961309934
21.2384355749
18.951535895
13.0601802893
18.2714039894
16.1137501415
14.7546415114
18.6890694093
15.9034374142
17.3658906098
15.9302188577
20.8144870356
13.9018017118
1.42125692425
22.2013946728
20.0173000334
22.6637806708
20.1655374208
20.5794480009
123.376262964
15.7243275561
21.5948984861
14.0204924482
23.8248519174
60.9250135607
23.1706313285
21.5260327365
21.074921975
21.2101765732
22.3800989105
19.7596514539
23.3692217876
17.8487884715
18.0888323118
19.7596514539
23.232922017
9.37170348582
11.787118544
11.794475191
24.2127921769
21.4127520711
18.4817343679
22.8284751474
23.7662416689
11.9161385364
21.5275427086
17.3451960881
18.2941164137
22.8974389907
16.1694576404
19.0987463464
24.3315129021
22.5988489581
34.972335191
43.4699399626
19.7088550571
20.6988613318
18.3349223689
14.6263346953
19.2132829534
20.5794480009
25.5748330552
13.0566413725
36.7770283086
18.6854559684
16.4358536175
21.2997829004
16.6413121691
19.0451907444
0.896548533609
19.0825626136
36.3090906118
12.2680009903
21.4816440218
15.0198985261
21.9840878066
33.7336231731
17.8706260457
22.3168481132
22.1752868296
33.5501238543
19.1066393981
38.9872658871
18.9153402306
21.0445351255
14.3761769909
11.820380467
19.0838161527
-0.767812940953
20.0587053922
15.6298298698
7.37832534591
23.3524846655
11.7352346661
13.4828760972
17.4655291479
23.6321018584
14.779820708
18.745566453
25.3011248535
43.1926531586
11.1653303522
18.9733315548
20.5794480009
16.2597445984
21.3775321043
33.2799492023
19.8064338779
35.6715385034
32.2504435336
8.42861826919
23.4595410816
20.903884053
16.2390524483
19.4075559144
35.3145316692
20.5794480009
34.8817503837
18.6673738916
20.616155405
23.7600118019
19.9528262079
17.9786512501
20.6315536813
21.3161417687
37.4819734365
10.6157353959
22.5133068044
20.9979424617
20.7834338778
23.5514067269
24.2085168969
13.8257608649
13.9543741104
17.6943361163
9.00571192964
19.7476630004
23.3194438423
19.0027089408
19.8575846392
24.0141504901
12.8180856782
37.9328007857
16.5667077504
22.1507920811
21.8765349949
17.9930431779
20.0630393988
37.4819734365
15.9155753635
20.5794480009
20.4763999429
12.7953794377
20.432989628
33.3318537897
20.5794480009
22.9493991256
20.0978927727
22.1890743659
36.1785291442
33.0368194671
34.9884113364
36.2970927682
30.4582721062
20.6798827648
13.9315114445
17.0691116249
22.128297969
19.6368145494
25.4105832929
37.1408216428
13.3473198019
23.7502709268
22.1321150828
17.3211959874
18.7107160075
15.4097988751
17.286966089
9.02352637241
22.6895210459
15.980528425
19.0017428081
24.2868028603
7.33803205164
21.3367310337
19.8430033286
26.9970971239
21.2528086013
11.8999586603
35.8929969141
35.6873503189
11.3740873162
34.276887124
22.1006700873
-0.33760300461
21.4468558114
23.1480041953
18.1396348173
25.5739347493
20.1350889931
34.276887124
15.7926925858
23.5542228967
0.121898589952
16.3686158512
15.9034374142
14.9947176262
34.1206481212
23.1748104192
34.2658721493
22.8855810018
24.0217305818
37.3539761209
31.7526340992
18.3672256664
28.3658187191
13.1473251589
16.0583983078
16.0096549768
21.1888587881
32.7840225764
17.4094932317
12.965740246
14.1803240194
25.7703016129
24.2831145066
42.9252116392
21.1188821834
22.4277675392
26.5604541825
15.9167251067
15.8766490459
21.0518600016
18.8941385451
29.0820761426
22.3929099212
67.3678408393
20.5794480009
20.3916954342
20.5794480009
24.6076458017
21.0445846513
135.649642531
20.5794480009
23.0890862463
21.0445846513
3.85264102223
24.7595302648
48.0010609226
25.3186403869
17.4442413539
25.5031653168
21.0445846513
19.3886859385
15.852332132
18.4235357196
19.113191526
19.3119207072
23.229700677
25.6849863081
18.4717744289
21.8897971438
5.38013056759
22.1145992902
23.768676689
21.9217051812
19.6265957805
25.083977229
21.0445846513
21.0518600016
25.9996914406
22.0399087195
31.5877066693
25.2294738231
25.1695992997
30.0379383837
20.0513691881
22.8385810407
19.1488413307
10.3947342278
21.9407872027
21.0445846513
23.1083723839
19.3008089545
24.2899885678
23.6799514172
17.5801488297
18.0310452682
38.5613769308
19.0940855129
20.2374834764
22.95755976
19.7040971687
21.8619071685
23.6799514172
40.1505141752
13.1160875591
16.263785617
19.4260436533
25.526271577
14.9709171438
17.5293011263
41.1799725296
5.01328753699
16.3980235192
13.1160875591
21.4112515976
23.7355413259
23.9773946223
34.6948807333
25.6648599783
23.1605989879
19.5518614645
24.0998675277
16.7590999438
18.132853299
25.7239427227
22.5915258824
21.5771004728
34.7074721143
20.1599331543
16.7442149511
9.51251808918
20.5156144932
19.7037556194
24.9904721446
21.0445846513
22.9108373653
17.4858135894
20.911734695
50.511826705
13.2048685632
21.0695148166
123.285132549
24.4271804956
23.9916865737
21.0445846513
20.1744279087
28.2580724426
16.6607204471
37.5122077391
19.7131758542
39.0364399608
20.7305463009
7.18198290619
17.1877770494
20.2358139489
24.0303116573
19.5762402063
42.4484476948
14.9709171438
20.5794480009
135.649642531
21.0445846513
24.9904721446
21.0725018592
24.3407570943
19.5580807511
21.0445846513
21.9628135586
20.5794480009
35.892316373
19.46131619
19.6148650536
18.7031950593
14.9709171438
21.0153166642
23.3333859544
24.7241249742
8.4156345965
16.7322600114
19.3635435437
25.5031653168
0.896548533609
21.3618926598
20.4388558736
19.3305530329
14.5057804934
7.08784522758
13.7016610946
21.8086351522
18.7481457031
37.7655204883
22.1466169142
25.5739347493
22.2786232699
21.0445846513
21.219988077
5.30041980866
17.9484062603
15.2661315537
26.9866433069
26.5757479677
24.8597084844
10.3640729987
16.783243067
21.2707987618
21.8330713975
28.2565948528
40.3179106854
10.9757582239
22.2799270894
20.4171926456
24.0329855331
17.7825248824
35.0174135221
20.1364076262
25.8425087244
24.9723519818
23.2162039099
19.3335988725
21.0445846513
26.5481113124
12.8491892302
20.7091306424
17.8019049995
20.7146136453
20.9371141995
21.055625552
20.7927072195
24.4192181133
20.5794480009
119.539246645
20.731215672
56.8499475523
8.85735950053
9.32738409543
16.7301150332
18.8855044981
26.1167266529
0.1203417403
77.4342679698
20.6982218098
25.0499768368
24.4443728988
20.5682462651
23.0765274542
17.4538232411
20.3725806435
17.8403005208
21.0445846513
21.2599568391
14.2278223013
17.7044165839
11.1116750523
24.3868663411
25.1572948872
16.7756316418
19.4357133304
25.6580073018
30.7122952039
21.9616716429
23.607232993
21.5651669284
12.695664726
15.2820486072
16.3484999968
20.0227288961
17.6309612814
18.6607581219
34.1652919453
21.9510259555
21.0445846513
13.0478377539
32.384567466
21.0445846513
19.8980779492
17.5613403535
31.7858714334
21.4855373813
19.8256658705
22.603732355
23.4401312736
15.1764008812
17.1801415495
22.126602874
14.3620189927
20.0607315825
22.8498312824
24.9987735504
20.0161395744
24.6901669492
16.4062897697
23.0960814242
21.0445846513
19.1858736746
19.7596514539
21.0445846513
15.6304775421
18.4466280467
23.3030678253
13.6959288836
24.9523158376
20.5794480009
36.0961125616
24.0030321365
27.9305315078
21.6116974565
19.6657663361
19.7773687198
21.0445846513
16.1901315521
21.0445846513
13.4722572981
15.3957023372
22.6993951937
21.0445846513
39.4316502166
22.8245429606
19.291044551
19.7680234933
22.1771180469
16.9431090597
40.7331812512
21.8018676841
21.0445846513
17.4817552072
5.40631463363
25.2692466563
23.706694681
21.1533665275
30.3822675277
22.7287105904
23.5700119461
23.6499212428
20.1208265766
19.3110354526
38.9601295461
14.9834765031
30.3172127068
21.8361034939
36.2559771577
22.187202848
21.4673197574
19.2990704545
17.7468340428
24.9264231813
15.4885827273
23.3372704258
33.1944739657
29.6595643395
15.1701622626
21.0445846513
26.2680553419
21.1928198852
20.8459018929
24.2133119631
19.374977611
29.2902283672
15.5774271217
21.7740190803
18.6329095181
25.0528035662
35.9509177883
36.3644162086
26.6268842985
20.8852132172
21.7647753836
21.3325766854
22.0902922407
13.5605481263
24.3129608945
14.2894038102
24.1012836482
23.4401312736
18.374199101
25.0528035662
10.2891211577
25.7183869728
20.1676990692
4.864985067
23.3333859544
20.8349858221
21.2198380253
37.1970004943
26.2811773491
18.7861646322
19.9096275695
11.6719707041
20.5794480009
20.8213351712
21.9439258805
20.5794480009
18.2636742138
24.5635406436
21.9701870206
124.161523986
21.2557534974
23.4559231672
19.5594115958
27.5427317691
42.4099753707
16.210203272
20.5794480009
21.1492248414
20.6118607367
28.9479015044
21.8825219104
19.7674819323
18.5323708888
20.7547013749
41.3138163617
34.972335191
17.0893858786
38.6273751294
34.4796834771
21.0377152288
20.5794480009
24.3206590321
28.1028955109
25.3205790002
25.5739347493
25.5739347493
25.5739347493
21.6737604148
26.4985895258
17.8035873098
19.4716351949
26.2801573348
22.0718009392
21.2298496339
40.1535955917
21.3295383732
24.9209988109
14.2969208013
77.5774932362
23.857389203
17.3385990233
15.1107193244
21.1157629523
21.0445846513
20.1744279087
21.4004130076
21.4600188634
21.470510197
21.0445846513
20.1744279087
21.6525166083
14.0963526359
46.946274372
21.8449294186
25.9657628325
21.9024588231
42.3151684912
21.0445846513
24.1081549042
20.2315273592
22.6017406556
10.196419691
19.0281730922
16.8813988883
14.3923025575
22.5280244299
21.0704441171
12.3354701137
19.0173143273
21.3295383732
34.9070608166
17.0357629247
14.2824852782
24.7902312
20.5794480009
22.2352957081
22.3742856241
21.0445846513
12.1454742823
25.1472480134
21.037313282
20.634918142
20.9811923905
21.8760068273
34.099962193
24.9800785466
25.9736305199
15.1149429167
18.3704190152
22.7749512556
18.8611563475
26.1137235187
63.2860835042
23.8554437761
16.4961717916
20.2937063623
23.2055486338
36.3958209324
22.6710463488
24.2663666644
24.8717739333
20.8198878015
38.4178051023
24.5224286052
29.492932174
14.8628273869
45.8878614931
25.3454870197
20.1106760371
16.9125861553
25.7244976092
19.8458505559
15.2132356063
26.7685717212
23.5376280206
23.6511264586
36.5151663396
19.4710495436
21.3295383732
15.987026291
25.0528035662
24.3513596745
21.4468558114
29.0106780103
22.1900207566
23.7347693489
27.4274079893
37.006686503
23.4584320873
12.9318719575
21.9119924618
33.6357903735
21.952510963
19.7298879597
14.825908696
28.2212518912
19.3119207072
15.905248413
21.6675572411
24.0348964383
22.8438658748
20.1556927478
25.0633190537
19.3324897592
18.3633623042
31.4579612028
18.0062132785
14.2445138009
45.2757264893
23.5720723544
20.5817552409
19.3140924851
24.1359707167
14.2070573369
22.2573175802
30.5016178689
18.8183117755
18.7096846187
17.9705995236
27.2575346931
13.2962173171
21.8018676841
21.4175122868
0.896548533609
25.5596789188
26.5865061183
20.6868840649
22.2140085233
25.4881041247
18.4033011532
77.6358063792
21.4037636123
23.3201729711
14.9451182507
18.6551915323
22.780530538
23.6343972677
27.7132183359
22.5130535603
23.0385356024
23.1824445137
16.3970026711
20.5794480009
140.371466151
21.0518600016
14.6845750781
21.6538492613
19.3254001864
27.541099342
23.7753018925
26.0412105704
21.0445846513
20.1744279087
20.5794480009
122.795065734
15.0508854311
23.8381039693
21.5047917472
20.3175481183
21.0101407538
31.2738728591
25.5739347493
21.394012375
19.1889166978
25.3418828188
20.3057847389
19.3661932229
18.5691749625
34.0090003833
8.18267374065
23.5542228967
21.7837555263
23.5542228967
22.5882982203
20.150415659
30.3296484643
35.8222584237
20.8993355575
21.0445846513
25.5739347493
17.8653761429
25.3259960363
19.4237147958
28.4585076803
25.0323284462
22.3416716453
61.9138617114
24.2312473158
12.6980850303
21.4468558114
17.6700671006
31.7376978844
25.9202113768
21.9334970361
23.4452835184
19.9749052037
29.1476256453
21.0518600016
18.3325163898
19.786332434
11.8527152293
24.847383881
26.6189268741
22.8792987256
23.242502768
23.243609956
19.7596514539
19.8909198591
21.7449843504
26.5165998535
20.7695031535
40.8816333234
54.1920572445
25.0521933405
22.5263502253
21.7962437927
20.6107221934
19.3519214678
61.6385876306
23.322544955
28.7754585336
26.2496154184
23.0876437492
25.3999195149
20.6996552816
24.2312132252
25.1892616246
24.1896773939
18.7692158862
21.1227804601
22.3507128238
26.4714815573
21.717803558
10.7936023259
1.2730640071
20.5794480009
25.0833414953
20.7582430817
25.2603772465
32.2063905811
25.5739347493
21.0445846513
21.8018676841
32.1670739594
20.5169344867
17.8010027839
16.5408942559
21.0445846513
21.9628135586
26.6106310653
22.435323671
22.8559073733
20.2146959952
35.858005226
34.972335191
21.3625262107
21.4185779324
20.424720452
24.0139649913
21.9701870206
21.0445846513
20.1106760371
22.2152809023
34.3009597375
20.2268272827
19.938309199
35.6891654021
1.34795075222
19.5968744291
57.4891749641
33.1968631971
17.2220705054
7.79122774785
20.650873863
14.1707734701
22.3980849604
27.8775969152
21.4873635008
18.9248556623
23.5429336131
42.5173998334
26.1608272707
25.5739347493
24.1186656604
18.8467840568
27.3192409218
55.9889942196
20.5794480009
122.770784966
32.4467728248
21.9701870206
124.161523986
19.3119207072
20.3414408201
23.1454526804
22.5318359986
20.4536802578
29.1305732865
18.2737797594
16.0180494768
20.4576598163
15.2764421361
24.8283041173
19.9793250777
21.7761061772
20.9544147331
15.9034374142
21.6193884829
16.8340834649
21.2073028807
22.192794985
22.945362906
17.7855655159
21.5983585514
20.2070827259
9.37170348582
9.10990381863
21.0445846513
18.8541399821
20.3748910277
19.3658494044
23.5230510449
18.8065366234
9.3308599022
14.718556746
18.2439491311
3.11505014661
21.265052336
22.2717489457
14.2533848253
15.6774911234
20.5794480009
21.0445846513
31.4209837343
22.7610475737
15.6048152645
25.5739347493
25.5739347493
21.1363566244
5.39279346397
20.5794480009
24.1239177141
15.7355716179
25.9996914406
20.5794480009
17.3757819346
15.5537645871
22.4059845175
17.8588388176
22.1921815492
25.6865211406
21.3801523693
19.7596514539
26.4867586324
21.8078115362
16.368574657
21.4771304311
29.2377983321
17.8953425337
1.55847553175
10.4024207143
20.6249030298
17.5547217768
18.586910756
18.586910756
22.7986697129
18.586910756
14.2410673226
21.3295383732
18.586910756
20.6669974908
19.5986355377
22.105817001
19.4158933213
1.41383092554
22.9072017033
17.5478116318
20.9122302914
18.1864726262
19.7596514539
29.6447184149
37.3594350744
22.479410949
18.0736179024
17.6973922019
21.1738614149
21.0445846513
22.5779297962
19.5518232994
23.8597126866
18.586910756
17.7752764243
27.4867584539
17.8713338933
21.0445846513
17.9040556658
21.0445846513
18.9014803032
21.2738157473
34.972335191
20.242419055
22.7880971464
21.0445846513
17.0715397233
20.2133626175
17.1354257002
18.0177962289
19.9137280217
18.675923444
17.8755645095
19.0597207331
21.7930866713
19.6540815906
21.9089387806
27.1139629019
22.479410949
21.3992513785
28.0115097098
8.81966971351
18.8390222018
27.1139629019
22.3318788003
24.7146833626
21.8018676841
27.1139629019
17.5291255278
27.1139629019
20.6154808501
19.6331582958
15.0919083144
19.4847464957
23.8007008702
26.7545342309
17.680225239
22.479410949
25.5739347493
18.9479545363
20.384060303
19.2891435543
26.5275590887
26.8929673875
17.7734915656
20.3860627975
22.5085348272
22.2406146204
25.057183011
26.6501975543
24.5132197873
22.5989327135
18.2019079078
16.9987574429
19.0984178966
24.2569276106
18.7372684968
21.4887112439
28.016413188
20.6161120366
15.112229279
20.9407973247
20.5794480009
20.0962153314
30.9145836642
17.1537990619
21.1449421349
18.6786827291
27.8067415198
24.9241337322
20.1556927478
18.2470592686
26.1123194034
29.7561286682
15.5368471094
18.4095933256
6.61253274408
21.4009490308
18.586910756
23.0256921273
2.61776808735
24.4920501672
22.9990949279
15.6519871871
17.0280483591
15.9876197996
26.9646737691
19.6672286277
21.0965490015
26.8993006125
50.7083608324
15.348862996
20.1353711385
51.5994718736
24.8936772288
20.714085809
23.0851139624
19.2307104301
21.6264483018
16.2370034418
28.6651375251
15.5606444384
27.312620162
18.9163313028
21.2422207716
60.1475566177
21.0613715197
18.7143336626
24.3801257888
22.1904295321
20.5470657853
29.4143724344
18.9222664725
30.8471789287
3.07599786001
24.7309923122
23.0940377108
19.9336344842
22.5688970467
18.1251963597
20.1201618056
27.136589344
25.1109521449
22.8921443626
27.1139629019
25.5739347493
27.4798050196
20.6510847481
8.44698441185
20.7127870812
19.6641403004
7.98184776145
21.8348821135
12.4552033268
23.8093626518
20.2336926656
19.363535923
9.37258678122
25.3186589141
21.8018676841
22.8102117856
3.30583717479
16.1626811772
22.320570504
17.3314334263
25.5739347493
1.93400999021
18.1338363872
17.2768053043
19.1527872767
21.0915097725
21.0445846513
21.0445846513
18.9843902874
18.7861135211
21.7673558866
19.8275821445
24.9257543642
19.1548597287
