16.4040676626
18.1831051322
19.7266183401
52.3271253549
178.728588905
36.8510671305
21.7818505856
20.9178379077
24.0822484153
14.0330273504
25.5739347493
18.1024643494
21.913376496
6.79941930719
24.7991481294
14.8391169323
21.0445846513
9.72276113645
63.5775171987
20.4444617281
25.5739347493
18.3959777389
12.5629602913
21.0939719574
23.6455933964
22.3015035383
23.442495617
10.9352001854
26.9708936825
12.7800760499
22.9583150677
36.9380546709
16.0975752888
25.8603411654
18.7248288973
18.1484948197
25.4049554376
21.6185477909
23.1886487723
24.7793693888
19.0138867456
21.0445846513
15.6929503887
22.6747291653
22.4568390872
28.9856228263
21.4929304553
17.0677157989
14.6845750781
19.2417437466
9.4760045648
21.9337854661
25.6948339205
26.1295390035
15.9972480684
24.8757887277
19.3605856648
23.5070694193
25.216429835
28.4603256828
19.2307104301
19.2307104301
23.5542228967
42.0991050515
24.6819079395
18.2573425476
15.4392810086
18.6302482821
21.2010432542
22.3163508213
9.07847600951
25.0135309721
20.5794480009
15.9034374142
34.5839400829
20.8813253938
36.4932084293
19.6283779132
9.78183583596
15.2351914173
16.1280035543
24.9917181316
18.6161355091
19.5138934028
17.1503076919
21.0445846513
20.6174229566
21.9704399251
15.6379256616
17.4922178609
19.0427929842
18.732366836
30.4890059637
23.9200650145
18.6937168411
19.3430921817
18.0165949235
19.8939081212
21.6270709972
2.72268876963
21.4830214041
25.5601239678
24.9653423006
22.9079537225
25.0164202924
11.672867703
67.4769130889
19.8360831503
20.6617064467
24.6595811773
23.2366611885
22.2940275051
24.3207360148
16.4927544893
18.7502069508
49.2925965549
36.2559771577
19.2468884897
22.3073393098
22.5321748358
23.9690227415
21.4341821476
21.0445846513
21.6250414519
23.3535525784
23.3107367302
11.0614106089
16.5580711493
12.1029922152
22.1796631541
40.2291513493
21.0571791589
16.4694874692
19.1834855673
22.8377743808
19.7878890875
23.2447736574
19.9779939704
29.1300647516
22.2213607109
11.0216383538
31.1154755623
3.93657599076
23.1864559843
19.9419227494
19.4161532284
19.7104914079
23.5427720143
25.1612324322
23.5542228967
13.0566413725
20.6083523673
21.0445846513
20.1744279087
24.6885107405
21.2838673381
19.3210516817
22.4673428172
26.385363282
22.292393454
16.8357595737
26.1130710427
35.6106657318
20.2871200221
20.5794480009
23.4703482759
43.1631884456
24.6291926055
20.7909583464
27.1139629019
24.9472461917
20.5794480009
11.6544983584
22.843938372
23.9199541915
9.11529408241
24.1082732298
19.506025149
2.8171032732
20.7909583464
20.4447727167
18.6251622243
18.4302543627
26.9646737691
18.8163064478
7.24845835386
20.5355496884
14.6652644798
28.1425637278
25.3078627014
23.7985226048
27.6705759905
33.4584222804
23.9017877714
20.6728598504
4.97106657561
21.0445846513
24.7991772614
25.849777783
16.644172489
28.3417103084
-0.149475929457
13.7345122545
16.0750656088
46.6745497498
5.49702613655
3.77036092684
20.5647333086
20.325821696
20.7909583464
21.0445846513
24.8182676886
15.6897069433
7.88668468228
25.8144374335
6.3239504301
19.0434093038
28.1425637278
14.5578408443
18.7502069508
3.31633592756
21.0445846513
0.728098675308
28.1425637278
22.9940166836
18.7502069508
22.7394958999
18.679195607
65.7349351229
18.2140589566
21.9421314592
3.10030775152
28.1425637278
22.687414522
10.3204016023
17.4256869647
21.0445846513
18.679195607
17.2758771906
32.5316542422
21.3506180545
13.53804837
5.29621855965
1.68385816322
19.6116109144
16.0517260034
12.4540752079
19.3871706427
21.0445846513
7.83912951986
17.1997951178
19.3269593686
25.5739347493
1.95194920839
25.6160444174
24.5931932916
24.2005175119
7.92703644505
25.5739347493
20.4087193007
6.50526679591
21.0445846513
21.0445846513
17.3811230947
17.3811230947
18.679195607
17.3939100651
23.0890862463
25.3997494235
10.9244529785
18.8386463358
18.5859088427
17.1951698229
4.97106657561
20.4084713512
16.2638989646
17.3047509763
23.4733929491
23.2889090792
20.7948939474
25.2689587316
7.34120598036
21.4219936047
7.20886632094
19.4562586281
23.0462312545
18.4115314109
18.7368767379
26.0296254246
24.0863260414
22.2863123587
20.2116865215
22.9827005594
23.0449860031
23.4456177944
17.5110004574
19.8313012545
14.8194642522
23.1064098731
18.7462471863
23.9258280621
17.4309539607
23.9585594691
12.4083787628
27.3382506324
22.6507231545
18.9274579614
22.3967440846
23.4733929491
19.5681066089
22.3704153615
8.09960676017
19.3773501988
21.0445846513
20.1744279087
21.4023871267
19.2229610401
22.5321748358
16.598691215
4.34399909601
24.4186186127
15.990335614
21.3295383732
19.7197956452
19.7916809632
23.8379258074
27.4229035118
13.0092714225
17.1991743423
21.8979642659
17.3551343504
49.3225731559
2.05319886181
13.7420613751
15.3693739141
22.4852545123
40.1563422307
16.6165544728
19.2966573936
19.6269875296
4.97106657561
22.269366433
20.6220886298
26.0803920224
97.6542749474
25.5739347493
20.9499369657
22.9930913752
48.3822690265
27.4732101524
89.8339902732
22.0861749921
5.78311542186
19.7991516734
18.8903742328
24.2884982772
22.1139421471
18.5331045324
21.2729253042
23.2002016355
20.991593019
24.9394395032
16.7485314691
14.0048328416
28.0601328972
23.8650739254
24.1818055817
13.4665234499
32.5446867263
29.7122568181
22.5911743789
15.2470522928
8.44132396614
19.0649216342
24.4246997116
21.0445846513
25.5264128129
21.0445846513
21.0445846513
20.1744279087
24.731891003
19.6705685418
29.8207447146
20.6346820977
25.4295228783
21.62406987
23.4733929491
21.7494294443
28.3499229392
26.4478562889
18.6103407369
22.6927603772
22.1021341019
29.6055346611
24.6786374317
42.3656257518
21.0629882986
5.16799721211
12.9686474521
18.8775908801
18.4986542708
48.727898592
21.8987629767
15.9034374142
20.991593019
27.2072533033
42.4175040952
27.3408198665
25.5031653168
23.0103769229
18.7308297018
20.0541554905
26.3049901574
4.48094674142
23.4733929491
27.1590522445
22.065824393
22.5172738276
21.0445846513
31.6042155024
21.3568299958
28.8742452004
22.8988732931
22.4208334193
13.7332322142
23.9839624141
10.6442407265
23.042432112
25.3166590632
33.7394646663
11.8883110188
16.2016598711
80.7324881041
12.7692657682
1.95729185512
28.2525931777
10.4020165738
21.0527369133
85.9505179268
23.4801773904
22.5516374466
20.3196050828
10.9599581245
25.858540602
78.7865501293
54.8578262943
28.6433652896
11.8080889611
15.2055054153
22.5321748358
14.7858718176
20.9536127319
50.3192872609
27.9832186853
21.0445846513
28.0187098766
16.6463639674
36.3752523582
27.9627151929
34.4452804332
27.4732101524
1.06481277762
18.5857408125
23.0824556634
22.435323671
23.5636109746
22.5537084811
21.8120869074
23.7985226048
25.219505803
21.5509109513
-0.541122189127
27.4732101524
36.8143300606
27.8694023446
23.9796535028
25.0528035662
18.4749737494
6.38961646879
8.27735164223
18.2030208676
22.9634459221
22.4673428172
16.5785081733
19.5231831978
21.6783360103
20.4881659348
18.9304767046
19.7596514539
22.4899614734
43.0410862236
22.1728659001
15.7874707526
23.0813714961
16.1165512462
22.9568341422
13.4254473381
11.7092033642
25.0702307542
17.2693692268
21.0445846513
14.2686799788
29.9026582609
20.1734450236
11.095553674
27.9536037313
23.6122884236
20.5794480009
118.048961346
18.006353612
33.0687551398
13.5776675347
21.9701870206
119.439700366
21.8196987408
19.1594814843
18.433701692
42.5118122061
18.4947025156
35.7091573094
28.6428167672
21.9701870206
19.3981640177
25.6069836699
24.9704747535
22.3972523096
11.5360189765
22.4049435896
27.2332694004
15.4102286529
24.6650221049
10.2118742217
17.0456385386
21.1342358071
10.6329993362
26.9452189761
23.0618797679
32.2213785935
23.6207791899
22.5145467247
17.8835619424
20.5794480009
19.8059275551
19.0310515458
26.6316713584
22.9050502433
15.9180475216
14.7257176857
21.7692750948
20.5794480009
20.5794480009
18.5391857529
21.4635867179
1.75815565019
1.75124028282
24.9353157056
25.8459577441
15.2457945759
4.40009041327
19.0489197325
14.2792372577
5.72834960845
19.1962215911
14.6571274116
25.4673442475
24.3633010958
89.5013464696
62.6469731581
80.9259281658
87.8552937449
83.4885227557
79.7861132783
24.0242292815
105.500615283
15.666885228
82.1079404807
23.7393019931
70.6086024763
77.9255666766
3.23853450823
18.4795964929
21.8115962706
25.4673442475
21.4914028552
43.2276811288
22.0417469803
23.2727569806
-4.10066860726
21.0445846513
20.2051887049
21.7790674164
47.0660832722
21.8052885595
21.0224406583
21.1817874404
20.5794480009
-13.8652805471
12.6373032365
27.4732101524
24.5562540276
26.750954828
20.2310521462
22.1759172439
18.6778222031
25.28316183
20.6678396232
20.5716787445
20.3870874657
57.0240602086
22.8468843211
7.35032632969
21.2949407102
23.24121965
27.4732101524
26.0363686518
31.5650553578
21.9701870206
23.2103110526
22.289137032
17.3877739124
12.3268511159
20.5741767004
27.3731369598
8.2396033122
59.3894663696
21.8301892349
24.8481290266
19.7669268042
18.6646860199
16.1613435202
20.5794480009
18.6646860199
18.6792888598
17.1669823144
19.9862856649
18.2880052229
21.6497047112
20.147829592
73.9335171883
19.9862856649
20.8808833519
20.6875965956
15.3259293059
19.1803726355
-0.0912152764097
16.9662152248
20.6864495882
5.70283787575
6.52666179603
19.3728285015
22.4505197277
22.393943069
19.4744458284
18.6646860199
18.7363337205
21.3295383732
105.500615283
16.2649133828
23.957404405
17.182273311
25.5739347493
17.5098718737
19.9862856649
21.3062715408
4.76918505448
20.4807384927
19.3890457454
18.4634433761
19.3370211371
24.182978539
22.9568341422
18.4634433761
17.78203831
19.0439001767
10.0908361425
18.4634433761
26.9507656295
24.3835324939
0.489588302835
17.1785101787
23.0890862463
18.4634433761
20.5794480009
1.56238405766
1.12689236499
56.1309868126
26.6861835316
22.5537084811
33.2998729088
21.1708533596
22.0112249305
15.1219629008
21.3295383732
21.9701870206
21.9132806145
42.1871633204
20.4954698087
25.6755300135
26.2846451625
24.2091684913
18.6968053452
33.0418535904
16.7700135912
19.7513641092
20.851133399
23.9488173536
24.6278788475
46.931304042
8.58255284366
17.5934664946
14.7860739116
21.0445846513
21.9628135586
47.7535428555
26.3785612275
52.6128754589
22.2671497932
20.8221504772
12.0932446642
25.9629922003
20.2759073008
20.0396923822
23.1660485165
19.7596514539
14.2257049926
26.1035177153
26.1918455379
7.35032632969
12.7911513564
30.3232724001
47.7637785896
25.4712725892
19.1372508961
14.1722928552
15.8887355722
10.2734358709
20.6716831844
13.303449594
24.3415769464
8.40962170389
34.9991306893
20.1880558017
29.5586261745
48.442442891
-9.08533828593
19.0959439405
33.451159141
23.5542228967
24.3098082173
21.8339251101
25.9334954302
16.8634745012
11.2268122812
56.0906343299
22.5988489581
18.5642379315
27.4732101524
21.6744288891
19.6349800038
38.0462807331
42.0694549782
22.1944979349
22.6260971996
18.7166682083
21.6041954645
19.4301379619
21.9701870206
22.0870623906
43.9010357065
21.4799997816
21.1386527765
20.6035441875
10.2891211577
14.2842112825
20.903884053
19.1185416853
19.6011916807
9.14770254057
26.8785713679
23.8440658878
34.6121856871
19.0582744347
76.1808599283
20.5794480009
25.5739347493
35.1132954062
20.1468382827
12.0588157501
20.2896633486
23.4733929491
19.9862856649
8.81759822934
47.405058905
24.2546225959
25.1300320454
15.0099868217
19.2531381961
18.6374727853
21.5032479545
20.8369524993
18.0447947298
24.005157344
25.4144468052
21.0140290213
20.6441278316
20.0231441732
26.1182747302
21.471754114
25.0956826021
8.97627250507
16.0421056502
34.5636448181
19.7596514539
14.5587399713
24.7555483422
25.911306966
94.5077869434
18.3208717009
23.5542228967
525.83059485
19.6189508556
22.062735406
23.4397598008
11.7039140806
18.0072211715
22.5169104463
176.421054658
16.7907491128
23.8391766186
17.2393723549
19.7339991812
21.8485058355
34.4463843298
56.4051603764
13.2851950806
23.3865282561
8.71963669741
23.0531830095
19.0284259234
19.1858723992
22.5804285957
26.2685962024
21.1740685941
15.9208169925
15.4370057647
15.7734673156
22.2744197832
19.0375940396
26.9579291518
7.35032632969
14.5109478904
18.2560718371
19.8581240365
20.897668007
20.3790342918
15.3783246886
19.1839121378
23.1813214298
-5.12489131035
19.0321682292
16.8159407334
17.3177375866
16.092713915
23.6152240542
23.6187353464
14.6336100456
19.0694379407
27.0449294858
23.5321316071
7.56127306033
25.4890258115
23.8391766186
24.5014780277
26.4211314467
58.801293619
27.3277483808
21.1635957116
27.4732101524
21.5832363532
21.5038927652
24.1781434671
25.0070771182
21.0445846513
22.8651974715
13.0979326549
19.9586618496
21.0438345551
31.2366489311
22.8939420663
53.4952510932
21.5839308354
25.8602833264
20.733606019
39.7041300259
19.4969973238
24.3367642829
20.9287348994
20.6203989458
21.7599542954
20.9537363405
22.4030927613
61.9221030617
23.3210330332
22.0217371475
71.2746216318
25.1348429068
12.4737767523
22.6356354421
24.9150593929
24.8558258635
60.2044987734
22.6868129846
23.0890862463
11.7039140806
12.1008175408
24.9282945418
9.59066277917
22.0832525488
21.148135587
19.808201446
22.6776300661
22.7576555203
19.6860802476
18.8316662269
20.5794480009
25.1345019767
19.562153498
20.5794480009
22.5537084811
25.5739347493
18.9897728907
21.0183008617
16.9239616511
47.6774708758
17.2464297968
18.3803749272
25.0528035662
23.2548332189
33.8357064078
42.4709766634
19.4947502762
19.2762291123
19.2762291123
23.9147516066
8.85793851862
26.2220224546
21.0445846513
22.6812366021
21.4562104065
52.5659383935
47.7637785896
59.6083741327
19.7596514539
16.8338341483
33.5710840243
31.1033861919
35.5485199376
47.7637785896
10.9782655835
21.4603786936
20.5794480009
31.7144544688
18.6672739568
30.6004583426
21.3295383732
31.3076408259
19.5381949457
31.8995676084
18.5078950676
36.1363035484
14.0113913105
22.4761253853
12.2937367697
24.9848231626
19.9435129835
25.1571390206
63.2103041139
22.8887238565
15.8613560638
28.4248375728
21.2697896218
24.5532390744
17.508034995
22.8489225303
14.7227551444
17.4366684435
15.9034374142
17.271042588
-6.29561292616
14.0433409857
55.5160840466
34.1976852474
17.7514897979
7.31548796651
28.0472861266
18.0106521293
40.9409470396
21.3787441842
24.4860680861
64.7247984722
19.7596514539
22.9118041039
14.8717804002
20.8644908446
25.4453787827
23.4729128245
21.0445846513
22.6322375521
22.6462558452
26.8543128465
21.6784097662
18.9389104573
22.5165933174
18.6740512363
82.5655222072
30.9495849263
23.76416039
26.7833743591
31.3928924054
8.42863040261
25.4963358824
34.608707787
30.5167019479
15.4425969372
22.7902738402
27.4205514652
22.7955050034
20.894114972
24.4902282781
20.5680508087
59.5585766518
24.6547293011
30.0408597581
31.5004948158
33.0528824702
32.9548388719
33.0528824702
32.9548388719
67.5899941803
23.9423337061
15.9820052795
9.05211972701
25.6458364257
21.5554134923
43.5823665451
15.6321971324
27.4928542565
18.6421044276
25.3955394492
13.0254173067
21.4876219434
21.6376995144
24.5858474232
61.626517119
9.96360454199
24.5452396791
26.6506544032
3.8835192892
18.9164859285
25.6109291666
19.685529481
19.7694993467
15.4142941429
53.0804680477
26.5209357269
23.6380282246
29.7753905558
19.2875083996
14.3718078163
42.0470026996
21.3224743117
6.22354007614
22.8372272433
20.3888169531
22.9846943916
10.1003660203
15.5139402592
20.617642144
35.6516596931
13.7690136686
21.0445846513
13.3846730862
3.55297859691
14.6580752204
23.1487611606
17.7368258985
23.268946621
23.8903353071
22.4643704368
25.4890258115
21.3367310337
34.152614179
10.6359910171
22.5571792943
11.4274085796
17.3420158719
26.3897141254
20.7229544433
61.2763139232
21.0331874736
28.2577471703
24.6918389094
39.8572476441
26.4758757719
19.6330699563
20.2343024321
20.5544215338
16.1280894512
20.182741124
36.2020844868
44.4481136
21.9701870206
24.5295537008
35.7969744168
22.206282662
27.1666231597
30.4046400119
17.4762769503
22.1315836821
21.1570140654
31.2018833433
23.7656951148
24.8554968349
20.7373114596
18.9861212693
21.4188228705
24.9877362574
21.8699060733
8.55266508458
24.7693842314
7.35032632969
21.26955352
20.2974899756
23.0147915262
23.9609060981
7.20690849606
60.987565911
16.3107987257
16.7356670769
19.7596514539
26.5501030214
23.0543706417
11.1548155215
23.3240101323
21.3095707496
22.2966602715
68.7255373154
27.5375872463
22.1260873852
5.07915243298
23.451744316
57.7905876454
59.5585766518
22.2966602715
17.8897085507
28.5322269168
7.99104391947
10.6000347806
16.9589977532
8.86980106482
26.7516846615
21.1470401474
18.4983732264
25.5739347493
17.2013606327
42.3619016234
48.3767210038
24.475843392
27.1139629019
27.4732101524
25.5739347493
19.6404279321
21.8076727599
26.5913866151
15.9394782933
25.0220945615
21.4728279021
28.3578343512
25.5739347493
21.0445846513
21.3849290495
9.41378457177
21.4661488548
21.6250414519
16.4855743442
19.3547415141
25.5748652292
21.322926443
9.75062618388
24.197599958
21.3295383732
11.3241719975
1268.0364004
20.2343024321
11.1120513658
22.5321748358
20.2343024321
21.5554898141
-0.237674865338
3.22517909341
25.9133079669
42.1954534016
24.2587911987
22.5988674556
60.3564733473
21.9701870206
22.3422809723
20.2343024321
17.5787924061
21.1887580605
30.7155071294
21.471601282
21.1099386489
26.3091805933
25.5739347493
27.1139629019
9.84710039109
21.0445846513
26.3291465219
20.9903325376
24.9316245172
29.800758425
25.6116534613
5.32006105412
20.1629680982
25.5739347493
8.75215547349
15.8525657281
19.7596514539
19.7073969308
33.5157607717
9.21650073401
7.58510106212
2.4418008264
57.8945147699
21.0445846513
24.1102411062
2.7968724382
21.9998202145
32.5810767861
24.4163397688
11.038435672
10.7517185696
15.9034374142
8.46075549448
18.0765500026
19.2419067562
20.7052702142
18.3625329639
58.8487641092
33.8256036689
21.4405184711
19.6905560974
21.8815921447
7.10232105022
10.3930483387
-1.12002184865
25.5031653168
17.9808837327
8.40637588114
12.563230591
18.7286626181
10.6743895644
23.656926383
23.0618797679
22.5321748358
30.7714940313
29.7103243871
25.5739347493
16.4716241949
20.5794480009
16.5208394817
25.343110124
21.5933921226
20.7091306424
21.6470164161
31.1250797051
20.3656210456
21.3575892145
29.3915532242
25.6267205819
21.26955352
24.1620439503
21.8281098234
23.8056482213
17.8688344145
39.201493919
21.6845955969
28.387103413
-5.76531742928
22.9792870798
22.1545348178
20.6174229566
17.6564866692
18.8071890281
18.119343775
22.3907270987
20.3114824783
23.6987858409
34.3704836216
23.1983887781
39.0025560586
21.1851283637
18.0702538257
19.6793774576
18.2467917471
21.6250414519
23.2802549098
20.9924217574
32.5508328152
20.5794480009
21.9983368401
24.8486939684
19.4146635677
30.4999333525
21.949259059
14.6529287713
21.4025540238
24.9286275199
20.5280006454
13.6628648928
21.5931932066
21.1509737063
27.9435680138
21.9115109638
21.0445846513
19.5705966563
49.7717847869
22.3128737614
32.9396455558
25.1156817335
67.8133565425
21.4562053394
35.2560983505
12.2544710148
416.897241489
21.9564128726
20.2727263849
13.5585966698
31.1250797051
23.4142918453
29.4147946231
30.7777164896
22.680940377
32.7110480174
31.1250797051
21.9690881611
18.2582907052
26.2747499638
34.3704836216
32.5769987627
26.214020657
31.7243730277
22.8453453876
21.8194445922
0.236664948338
32.9145766305
28.7720797391
17.4498256207
23.3673865985
19.995965678
13.6794210746
23.4733929491
22.2240284072
27.1139629019
2.05132928912
15.8439403053
19.3506210928
14.9863983049
16.422949643
11.2010959735
25.0430386507
10.1800402513
-4.32881267415
13.0566413725
19.9555656447
53.1475070803
22.8255626119
28.4873311641
22.1156745542
21.6207606069
19.0782124775
8.36619025692
21.9701870206
20.5817552409
412.697666083
22.5162577241
24.0530169534
27.2293891951
26.958562589
26.956694476
47.3458388632
-14.3520491534
-2.84413532199
-2.77710336505
4.45006901593
54.2484210611
54.1404440253
-4.77718630092
32.2146285317
35.134898773
32.2146285317
-0.940444387479
21.1363566244
32.2146285317
34.1038510555
3.89513988456
0.851044975459
-6.84862896775
23.4873491066
-2.46097742256
51.8848898808
1.74408851115
-3.22760280418
32.2146285317
59.1820897553
33.3741613213
24.9997619493
18.1970779661
3.10263372771
33.9126955181
23.9741555317
32.3502966454
36.9552099868
6.34053187176
1.35530671742
30.0447662256
25.5739347493
15.9034374142
-3.66865351373
-3.83014293085
16.603289032
14.0200796746
1.16928025152
-1.17486309899
51.8848898808
-1.95105072198
18.0581889274
55.06326156
0.856939839506
2.03476960357
51.81431065
51.8848898808
5.70780282314
32.3502966454
36.9552099868
126.403029672
-3.8018450017
27.1461926583
5.58403611196
22.2707653177
23.1638930099
13.8098522964
5.39279346397
23.2732164033
19.9172342195
-4.55438435803
53.5032237511
33.1828137866
50.5392118088
18.2797092656
19.7722363557
87.8409664139
-2.46663405722
24.3019893483
26.2638847148
51.3205611996
-5.6255119045
23.4106410488
0.920975725912
28.5910150913
-1.42955765675
-5.29652184183
29.79315265
52.0786396009
37.4555555066
0.0550910250246
32.2146285317
16.8939715052
22.4417661285
-6.51361493671
30.5989599815
17.9828932518
-4.53234604165
26.4252114107
17.4659381588
17.7730912174
19.5328535202
-3.76072403919
22.8881837781
12.5951850184
23.8369547594
53.0158845478
28.2141381786
37.5863305015
24.3019893483
18.4389572075
37.025951734
3.74129052891
21.0445846513
19.7596514539
17.6864180399
21.4661488548
17.7109512931
-1.82978269978
8.0538891201
-1.37420947457
53.2519373401
22.1005968856
22.6745478383
20.2512574365
11.1558346496
32.6389026453
16.911429476
23.659492396
9.83025364511
20.8895037243
21.286455757
19.9555656447
43.1986172962
11.8553054807
52.1604595408
21.5181339466
23.2277264202
11.3794393103
-3.00795628751
22.000079802
13.2556707875
20.7992283822
12.2531891216
12.3835246391
9.10043581226
22.2634475781
20.5700691663
21.5181339466
20.7128486776
26.1268198391
51.4590779337
16.2607801256
17.0082742927
23.6708808277
18.9641938843
4.68769455525
3.31315136456
16.8073966345
9.02300885556
29.8312731004
20.1696913494
25.3440752788
21.6022384257
10.0935508508
18.534625216
-0.126255920353
19.3250786592
15.3608353245
35.6114396069
34.852545537
2.84512939717
17.7156418492
-3.78275938261
29.02597919
22.6354110156
35.6699811044
-2.69084574984
12.9051090061
22.6354110156
0.165731515312
23.3110211284
23.822844581
24.7906038241
18.7369021793
20.7091306424
27.0552481238
9.10559854218
7.59540214313
5.20116486924
-0.0012195917058
16.7639894398
16.6123105686
17.2368946633
9.90814162204
14.8194642522
67.8652751038
19.6382468118
15.0965267498
-2.51528804296
17.8626371874
6.17650546365
20.4456622907
20.7290771073
16.78318456
24.7906038241
-0.214879141212
6.82571793978
10.3094352883
1.6496222864
16.0464299863
28.8914847685
11.718636658
14.8194642522
19.7801547853
20.4414999458
0.912157577952
1.6496222864
-1.67451419888
13.5005212658
32.2662078192
8.39136376221
1.22358894046
21.7590965262
-1.64126194011
21.0870683747
29.4963978667
23.0911236008
24.5711345506
23.8816651269
17.540771013
22.7703290609
23.7532719067
8.58255284366
14.8194642522
35.2341395419
3.58006437527
-0.396296113008
21.3906960067
9.85167604511
18.0093222852
24.4734763101
53.940345625
27.4065167516
14.8452348008
53.7877997675
53.940345625
18.2990729561
23.5140147494
25.780986425
52.4538418335
27.3551926502
24.1672530151
42.4293702943
-4.06917767954
2.7521991775
17.5536751879
208.649717872
-1.34775561347
3.24807655674
21.8267200704
22.0015992126
13.4031963483
-0.424575542919
24.78789607
-1.90959342786
53.940345625
51.6783434696
52.3853096566
53.2379290695
52.4803440597
54.6976286579
52.4356265025
46.549349822
50.8578889611
20.5812552365
19.0839625423
25.9683809952
51.6376631307
24.6907533627
65.9900230053
56.5070698844
50.8628937166
55.260777129
52.0738842917
52.2821317233
-1.20240652271
11.8157030054
50.616904313
53.1148035881
32.0055174643
53.2783074315
17.5613403535
11.7694900137
53.7728113343
54.9328166289
11.3119399573
25.9447728334
50.1953530606
25.4129442575
27.5486597082
53.3615201139
27.1106988944
25.5005046567
59.8571951431
48.9267058311
53.9968917407
2.10968856763
8.95723571305
41.220639013
57.4949782326
11.3119399573
58.7571385542
3.05485016493
16.7247995922
6.82032155568
6.32415467987
-3.28023169345
8.96676546985
15.9868243824
52.3809912899
46.8402991465
23.1116829478
20.1590149195
12.2182945645
52.4356265025
0.970199196163
26.6214642516
55.5383003303
8.41942945891
-3.94304469952
8.79627750284
15.3903885959
-0.293970901194
12.2501973318
10.39606926
12.2501973318
12.2501973318
10.1715724121
13.6204126777
13.6204126777
13.4852537261
12.8339001887
24.7096228158
9.80601733203
56.713738856
10.3723912277
21.1998600965
5.46952605718
20.2259430732
25.860050751
53.5911938478
17.5817537469
57.3671829694
12.1676175877
17.5646796674
13.6204126777
8.75019251719
53.940345625
20.2118897167
18.2686381815
21.6883603581
18.3535071672
23.4733929491
20.1433254576
15.9034374142
51.8848898808
8.13460248106
10.3804243614
24.9417531493
6.346049496
1.37815972053
11.5633936731
25.7249250598
20.0872456125
8.13460248106
28.0303406773
28.6694393571
79.2549624477
28.0303406773
26.230003989
30.0144169851
30.2751691282
30.2573429039
41.476787451
27.5945824807
28.0608855374
53.940345625
52.810361939
-0.543530324942
11.7794196187
153.854818056
39.9604659584
28.0303406773
25.0991066942
8.13587137409
7.69014515637
23.1455655213
7.24067453659
-4.66277404556
20.3174705738
29.8366691431
12.3336429485
19.7160794513
5.94412912274
29.3073290371
1.37544996697
14.8401920313
27.9658426038
26.3312177822
2.06883058368
7.02276170061
7.02276170061
11.7039140806
7.91114266979
23.2304352794
20.8908766412
57.013987223
26.0554301184
9.37170348582
17.8617962105
13.1707494293
5.26503483837
6.11742065311
22.4939061883
-8.69229509927
26.9120918211
16.5903346294
124.922990949
28.0303406773
30.7066289031
5.89655445319
18.9588720387
5.20714897229
13.9476861275
10.5315273225
25.5662042972
34.7775209101
19.777859784
37.3831672069
18.5493460398
33.2393867416
34.7023136953
43.471627235
28.5827503247
19.777859784
34.4449467925
42.2800746873
34.087305049
24.3704355535
21.4844436497
19.5038395996
19.643081709
19.777859784
27.484314835
26.3330941352
18.3486098232
21.2407867377
31.3641741959
9.37170348582
21.7821246684
34.2587613467
21.7806787032
22.0485232565
21.3042287842
29.774575814
33.2393867416
20.2721898615
20.9545430129
14.8423235082
21.3755066404
29.6825914783
19.4273469924
28.1123655712
53.8880688144
18.9386523827
53.8880688144
20.160176061
21.5277730587
31.6629952391
36.7831444975
25.5738547782
21.5220101321
30.1135757411
17.0390980623
31.3641741959
33.3163273179
136.404140903
27.2339689974
19.8614491429
14.4949839779
19.777859784
21.3623811727
41.0043956982
8.46559984016
18.6902619756
20.466900627
3.97640940045
22.9176179264
21.0445846513
24.888339064
2.91374099303
52.8186645501
11.7948027801
31.5871501214
22.2554396303
23.0127226632
23.0127226632
12.9127555648
19.897469527
42.8523531138
20.2759294784
21.8471665269
23.1022524472
8.13460248106
10.8869014006
25.9274167067
29.6642837213
24.5814880903
23.0127226632
18.804233802
27.4927845269
12.8482705021
7.26751899898
12.549770209
10.2723698032
7.45228448139
31.2169905233
14.8519748695
25.4844743234
19.7861559653
21.252894674
15.2796509376
32.0436083077
52.5523840772
11.2758803404
21.252894674
8.89188551391
29.355685847
6.73269442103
23.6665220651
20.8795998912
24.9396232817
54.4651787663
18.9509696525
17.2342247855
19.4345754931
16.4769417527
15.9015093228
19.4696697555
182.876926648
19.8976426177
42.8768622278
43.4684398741
12.9140868758
18.7564736573
15.0709846068
18.7564736573
12.6913605469
19.8161673749
19.9513987945
19.9406313896
20.7550849493
22.0828574224
20.393717789
20.5799900143
17.5918915715
18.3574017222
18.7564736573
22.937878397
19.7940473278
19.3452441748
22.3915535094
35.4787954017
19.4875761764
22.541472097
17.1400854465
18.7564736573
21.2347505283
17.229579152
9.52830238873
8.13460248106
26.8044946554
26.1082914287
20.4670312445
20.1499375587
16.0698525083
18.054240415
20.0149844545
13.2209935609
22.1809419535
38.4251031533
31.5056539981
27.932275755
22.9504115886
21.0480742958
24.2885495521
16.077190306
8.31064962214
16.7043295019
19.4991168161
18.8157066152
25.358206376
21.252894674
18.7199049763
17.401682583
21.252894674
16.4846339269
20.881009182
19.2141819034
46.9836787166
30.7949192217
20.0629350537
22.8709404521
25.4636105955
20.1452210154
19.1012868715
17.621809372
111.679221336
20.1062339294
30.3927335854
19.8815384145
23.6128176292
23.7408372412
16.2300771205
22.7060577267
15.874039844
18.7856646123
18.7856646123
22.2079588658
21.252894674
21.252894674
37.1519662708
23.7153522154
16.2296066131
54.1920572445
19.5429476452
18.9482875127
38.0432008238
18.7101414534
22.4102506977
12.4554151982
27.1139629019
20.4749802497
32.148895377
-9.39835249477
16.8816973589
21.0360954696
15.0628517333
21.0360954696
21.0360954696
35.3059493988
21.0360954696
21.4268607702
35.4205071295
19.5137566902
25.4890258115
22.7323537953
16.8206613874
27.1139629019
23.2485319138
19.2773771429
20.6839637557
-9.19370967144
-5.9595501515
17.6501115032
4.19990103792
8.15960228982
32.3444331543
22.4166682088
19.3213983613
55.1805502286
7.95962720315
18.2935658536
18.5935618446
21.0445846513
19.2773771429
20.2006693577
25.0230183847
16.2300771205
30.7240901981
16.722059724
20.1554789307
14.1822351943
21.8838086793
23.5491513536
22.6820524339
11.507600415
1.46503655187
36.1470721952
34.7441727866
15.4202127774
50.9400447713
17.6313928729
20.2123934548
-50.2258520558
3.18657281559
52.1229015295
34.3966199682
21.0360954696
15.0628517333
18.9090679649
27.7693437899
8.13460248106
1.6496222864
19.3958397875
35.4205071295
8.6298181696
19.569356761
37.0554786585
29.1834396809
31.3324939392
290.751880321
19.4827535384
9.33127488536
